mean_eval,pop_best_eval,median_eval,best_eval,worst_eval
-8.203700389538263e+54,351.43054061658256,310.9374716411421,351.43054061658256,-1.7473946040911197e+56
273.7141939434289,554.2711502844866,293.7018918827528,554.2711502844866,-1.7473946040911197e+56
300.43351401543913,593.706824562401,307.48839409898653,593.706824562401,-1.7473946040911197e+56
313.0162204991425,390.349969582291,316.57375755674263,593.706824562401,-1.7473946040911197e+56
325.0112633220341,533.7167419780133,311.5634525575646,593.706824562401,-1.7473946040911197e+56
332.9315998326641,522.7365274281038,324.369312730114,593.706824562401,-1.7473946040911197e+56
295.1809882382756,762.717600948431,292.9911038366077,762.717600948431,-1.7473946040911197e+56
264.63936390453307,565.5658215990196,310.824734237296,762.717600948431,-1.7473946040911197e+56
298.39079921132776,600.9612647080303,289.25268572535515,762.717600948431,-1.7473946040911197e+56
316.4243536072362,430.38480596288207,310.8403685452117,762.717600948431,-1.7473946040911197e+56
329.00856064661605,424.21936883389066,321.1224573835863,762.717600948431,-1.7473946040911197e+56
333.78728786871426,470.6448669067004,321.31787078192866,762.717600948431,-1.7473946040911197e+56
309.6374104991161,542.1763609577478,298.9617728313137,762.717600948431,-1.7473946040911197e+56
324.42490155994483,521.3721944675199,318.8740566385073,762.717600948431,-1.7473946040911197e+56
246.63820098765237,618.0339170997422,298.13401860208614,762.717600948431,-1.7473946040911197e+56
322.0764065509225,365.72391721380154,318.1320499426626,762.717600948431,-1.7473946040911197e+56
310.15565791339174,371.78397083839116,316.68579873006365,762.717600948431,-1.7473946040911197e+56
329.87193340837536,416.3626851188133,322.5146783701138,762.717600948431,-1.7473946040911197e+56
350.111272873857,645.8188829905422,317.65331986562285,762.717600948431,-1.7473946040911197e+56
366.378111837992,545.118978774354,343.0751749272795,762.717600948431,-1.7473946040911197e+56
367.04681166517264,555.6536983507818,315.9597711463299,762.717600948431,-1.7473946040911197e+56
322.79146278223067,386.8484004539076,317.9163805193048,762.717600948431,-1.7473946040911197e+56
340.349345199633,453.52366987093774,326.685111248773,762.717600948431,-1.7473946040911197e+56
331.13697455977757,486.51563813953373,323.2242227025045,762.717600948431,-1.7473946040911197e+56
332.3803596686714,593.2851375982843,312.6766380882054,762.717600948431,-1.7473946040911197e+56
261.706613997016,510.60641039345364,294.31098127957335,762.717600948431,-1.7473946040911197e+56
333.50020761287044,569.6623183700003,314.6642489374499,762.717600948431,-1.7473946040911197e+56
326.692589938107,430.046050545424,319.5541618683519,762.717600948431,-1.7473946040911197e+56
332.6999913637647,418.8761606139597,325.6997837104165,762.717600948431,-1.7473946040911197e+56
328.93593991639113,549.2414410680474,327.187977936449,762.717600948431,-1.7473946040911197e+56
304.97877522744585,492.47646962903167,318.14516772458126,762.717600948431,-1.7473946040911197e+56
340.43043600830794,658.8111703854955,312.58629987252306,762.717600948431,-1.7473946040911197e+56
342.21586336833013,716.3221816490619,324.6106782663599,762.717600948431,-1.7473946040911197e+56
326.5834545081559,408.35815130647785,317.77771203456575,762.717600948431,-1.7473946040911197e+56
332.44028814206666,597.9865290540648,314.45051764243516,762.717600948431,-1.7473946040911197e+56
314.0263233588461,448.21995473248404,319.34141477897583,762.717600948431,-1.7473946040911197e+56
355.3031036194654,817.9161143855623,327.189092104299,817.9161143855623,-1.7473946040911197e+56
329.523843164566,695.667605836581,316.1741387652157,817.9161143855623,-1.7473946040911197e+56
338.18303499404567,628.2126396598209,327.6474254512478,817.9161143855623,-1.7473946040911197e+56
330.5075425468216,490.0511395070088,318.2190039881565,817.9161143855623,-1.7473946040911197e+56
325.1944619716493,435.08077406045913,314.1872819142669,817.9161143855623,-1.7473946040911197e+56
327.29139800853443,525.329389065735,323.5375923134332,817.9161143855623,-1.7473946040911197e+56
332.4382488482362,691.9354138209915,304.23221770608,817.9161143855623,-1.7473946040911197e+56
292.02524381689074,785.5959943930775,310.76989725244596,817.9161143855623,-1.7473946040911197e+56
310.6999592805381,608.2096359777944,321.57433544690315,817.9161143855623,-1.7473946040911197e+56
336.08194526885035,488.4018861399428,322.41811885091556,817.9161143855623,-1.7473946040911197e+56
320.01949315571807,372.238141116554,328.52050124946004,817.9161143855623,-1.7473946040911197e+56
340.8942237182226,415.8300220957122,336.323562478243,817.9161143855623,-1.7473946040911197e+56
305.85045465511354,521.9121791363856,305.16150007132813,817.9161143855623,-1.7473946040911197e+56
310.46276616357295,587.8195892281303,315.57401152915503,817.9161143855623,-1.7473946040911197e+56
286.9153738361442,601.4785331125611,296.39239745581494,817.9161143855623,-1.7473946040911197e+56
341.0294087342004,555.0625274429381,317.078889653195,817.9161143855623,-1.7473946040911197e+56
320.20921931752673,506.85450050695505,311.3970130106173,817.9161143855623,-1.7473946040911197e+56
329.68805833977024,456.8210940054521,314.27871943378494,817.9161143855623,-1.7473946040911197e+56
305.2701439267358,511.70271626899125,304.8536787869803,817.9161143855623,-1.7473946040911197e+56
331.8844241560109,555.9931980523999,337.2429098469501,817.9161143855623,-1.7473946040911197e+56
325.6357431251842,526.032657361058,319.21589995361717,817.9161143855623,-1.7473946040911197e+56
316.8625294796192,453.87816295941604,315.83483613622064,817.9161143855623,-1.7473946040911197e+56
320.413562769777,359.53884516789617,324.9233255070559,817.9161143855623,-1.7473946040911197e+56
340.4569333318158,453.14107057802494,331.7673101105609,817.9161143855623,-1.7473946040911197e+56
351.0182260626929,728.7977077707673,332.3632346944453,817.9161143855623,-1.7473946040911197e+56
393.0352549100563,841.0312078086172,379.06347605206406,841.0312078086172,-1.7473946040911197e+56
366.1179854909188,914.388927360623,324.96208509515697,914.388927360623,-1.7473946040911197e+56
328.7700938726777,384.04475024620587,319.9164198033167,914.388927360623,-1.7473946040911197e+56
326.23258826106843,403.757186178908,320.7453085552584,914.388927360623,-1.7473946040911197e+56
338.8792995871673,504.015379171593,327.71203894818643,914.388927360623,-1.7473946040911197e+56
287.7400733381386,472.9066322519305,302.9550530766932,914.388927360623,-1.7473946040911197e+56
342.684267406768,654.4220781626191,321.51342145318125,914.388927360623,-1.7473946040911197e+56
330.9655685490432,559.3633348224397,315.34361752405425,914.388927360623,-1.7473946040911197e+56
276.9429197954029,485.47337088104706,321.0120231731765,914.388927360623,-1.7473946040911197e+56
335.7123816760619,439.0960240601906,325.6794046127312,914.388927360623,-1.7473946040911197e+56
324.3311991821245,518.4311472808434,327.61116911558537,914.388927360623,-1.7473946040911197e+56
314.7739025568941,526.3659259232454,317.89677587671815,914.388927360623,-1.7473946040911197e+56
311.2050094853655,846.8756880079873,307.48137609793605,914.388927360623,-1.7473946040911197e+56
384.32293739749974,762.483289335335,322.6116170610581,914.388927360623,-1.7473946040911197e+56
377.2634468361492,964.2580581587528,336.4811626513977,964.2580581587528,-1.7473946040911197e+56
358.0661061587786,806.6935989254805,331.90165285871586,964.2580581587528,-1.7473946040911197e+56
327.2658290534163,658.0231807325974,316.90999226752837,964.2580581587528,-1.7473946040911197e+56
420.0797694182457,839.3709744861894,330.0315649035474,964.2580581587528,-1.7473946040911197e+56
371.8278461296544,708.069991984406,317.84062663291587,964.2580581587528,-1.7473946040911197e+56
428.444659671723,833.993488951608,358.2689417198801,964.2580581587528,-1.7473946040911197e+56
324.6352907462871,430.84889502097525,323.58695806837085,964.2580581587528,-1.7473946040911197e+56
357.24100144187383,968.9074370461436,326.31214403462866,968.9074370461436,-1.7473946040911197e+56
370.16376058728264,880.5033154567114,337.27867136576236,968.9074370461436,-1.7473946040911197e+56
467.7457495045827,932.1926043494518,356.62280515961504,968.9074370461436,-1.7473946040911197e+56
489.36949596247865,929.8433028039374,411.21023810193066,968.9074370461436,-1.7473946040911197e+56
516.026701029649,899.0495671661876,410.41836277133825,968.9074370461436,-1.7473946040911197e+56
369.7021542602348,981.9055431805515,321.0296141723289,981.9055431805515,-1.7473946040911197e+56
428.7413668691078,971.3786134517801,335.8842723826972,981.9055431805515,-1.7473946040911197e+56
357.1598204710507,581.0520497168832,328.0518737213601,981.9055431805515,-1.7473946040911197e+56
520.5779589736865,935.4116586684465,397.37544689790315,981.9055431805515,-1.7473946040911197e+56
525.0680430830981,924.3991289102734,417.09649492205955,981.9055431805515,-1.7473946040911197e+56
526.1736917875863,946.4880189985614,349.31112927170176,981.9055431805515,-1.7473946040911197e+56
420.10299820117774,974.2891834004712,332.92523430335945,981.9055431805515,-1.7473946040911197e+56
419.88162684648233,998.9540649829373,323.7989883297843,998.9540649829373,-1.7473946040911197e+56
475.9813651017808,962.3482034285179,345.6598131664664,998.9540649829373,-1.7473946040911197e+56
589.0198395030789,933.2584425011069,611.1363166314469,998.9540649829373,-1.7473946040911197e+56
565.2929366318292,968.1926806831932,579.660677730756,998.9540649829373,-1.7473946040911197e+56
609.7744957884332,970.8283405557307,586.4586300957038,998.9540649829373,-1.7473946040911197e+56
471.6262626945728,991.1172163992579,343.80781204874063,998.9540649829373,-1.7473946040911197e+56
522.886837782789,983.1737943848174,345.58923297999434,998.9540649829373,-1.7473946040911197e+56
611.5669630026453,975.3743030043487,585.2735334263609,998.9540649829373,-1.7473946040911197e+56
510.01870041494396,935.7255520113791,344.7734631956279,998.9540649829373,-1.7473946040911197e+56
570.5018070535727,960.9149784731268,482.9561549402738,998.9540649829373,-1.7473946040911197e+56
736.7513821041377,965.3121537266351,916.2627261855724,998.9540649829373,-1.7473946040911197e+56
652.7546209110685,971.1039772006811,601.475234200562,998.9540649829373,-1.7473946040911197e+56
679.5432827052634,977.9231706968566,925.3522241021986,998.9540649829373,-1.7473946040911197e+56
580.4345597234916,984.6957591415166,392.25849100384954,998.9540649829373,-1.7473946040911197e+56
771.3151239581404,975.0654899608159,922.5891620481824,998.9540649829373,-1.7473946040911197e+56
636.368639821399,954.319008871694,688.5203349529804,998.9540649829373,-1.7473946040911197e+56
844.1560624018352,968.7994138208578,937.8827848294392,998.9540649829373,-1.7473946040911197e+56
790.3228821113611,976.3139912610408,956.4881451346769,998.9540649829373,-1.7473946040911197e+56
718.4987290228844,981.5851903802899,949.5707230006149,998.9540649829373,-1.7473946040911197e+56
734.263439415256,984.0595849415579,945.5592814519828,998.9540649829373,-1.7473946040911197e+56
808.3916018626111,969.4001840928979,938.6573938570268,998.9540649829373,-1.7473946040911197e+56
732.6205539103855,970.1066869483453,942.0944864507547,998.9540649829373,-1.7473946040911197e+56
722.551638708623,972.7772972178399,950.3129707004299,998.9540649829373,-1.7473946040911197e+56
810.2495977621746,975.6234620129816,951.6621436015549,998.9540649829373,-1.7473946040911197e+56
738.7803020450232,985.3044001495356,956.7385134479441,998.9540649829373,-1.7473946040911197e+56
747.4478170098866,988.4606170965832,955.3607196683382,998.9540649829373,-1.7473946040911197e+56
676.4494242635568,974.4446078709079,934.4835393758834,998.9540649829373,-1.7473946040911197e+56
798.6938227807921,972.0406598330009,945.1738306290688,998.9540649829373,-1.7473946040911197e+56
538.4157619656145,971.7247814695381,325.12749073399743,998.9540649829373,-1.7473946040911197e+56
154.53897013009495,972.0177533946528,929.6598358335191,998.9540649829373,-1.7473946040911197e+56
724.0704713055687,976.7767528033145,958.4191821535003,998.9540649829373,-1.7473946040911197e+56
650.0420969099314,984.2741002308261,558.9147077889211,998.9540649829373,-1.7473946040911197e+56
605.612880799032,972.7674182797454,498.9244312212218,998.9540649829373,-1.7473946040911197e+56
631.6323148794355,971.3121702869558,621.0438583614929,998.9540649829373,-1.7473946040911197e+56
593.0925624443204,971.430688850005,350.72587901855127,998.9540649829373,-1.7473946040911197e+56
713.5561810139824,981.5756517491586,957.2047637479516,998.9540649829373,-1.7473946040911197e+56
745.2249324219086,983.7284595970996,959.1272219946677,998.9540649829373,-1.7473946040911197e+56
692.545183427633,977.2070516310739,859.2917449257816,998.9540649829373,-1.7473946040911197e+56
630.4177954900846,972.352794214795,787.4505406044544,998.9540649829373,-1.7473946040911197e+56
677.6620421855972,972.2375847767321,758.8681711761216,998.9540649829373,-1.7473946040911197e+56
663.8966620121728,968.1140875375226,695.5721733311334,998.9540649829373,-1.7473946040911197e+56
745.8239465158758,982.313279010073,889.3611489290645,998.9540649829373,-1.7473946040911197e+56
746.558690881813,978.7299704357598,946.7962403837519,998.9540649829373,-1.7473946040911197e+56
699.4383280842148,982.2954588001302,952.7943207239341,998.9540649829373,-1.7473946040911197e+56
715.6914217377242,969.5842744467005,927.0662743494524,998.9540649829373,-1.7473946040911197e+56
661.7660414790294,969.459701568987,661.7125997595285,998.9540649829373,-1.7473946040911197e+56
643.8245505468224,966.9332095244932,583.2397128775035,998.9540649829373,-1.7473946040911197e+56
664.9111423897477,976.727971538563,897.9760165678048,998.9540649829373,-1.7473946040911197e+56
553.2718986145645,978.1462070468652,377.76646666806033,998.9540649829373,-1.7473946040911197e+56
730.1780808622195,981.9294871569067,949.3078921708095,998.9540649829373,-1.7473946040911197e+56
828.658028221485,974.0910939311916,942.0913113790286,998.9540649829373,-1.7473946040911197e+56
775.1317052926477,962.6170624365768,927.2331258148263,998.9540649829373,-1.7473946040911197e+56
865.3936514174898,969.8892053618631,950.5750203271143,998.9540649829373,-1.7473946040911197e+56
621.7315127234104,970.3205041314574,509.2155928838517,998.9540649829373,-1.7473946040911197e+56
533.5449496116431,975.9489215050794,379.0940179426577,998.9540649829373,-1.7473946040911197e+56
684.9390172875101,1006.679481394149,718.9845166428942,1006.679481394149,-1.7473946040911197e+56
801.4948596528933,973.1476868365669,911.2821114130508,1006.679481394149,-1.7473946040911197e+56
704.7155427313874,967.1948399573287,936.9527353749397,1006.679481394149,-1.7473946040911197e+56
714.5883424126507,966.1369934991912,878.1824853677635,1006.679481394149,-1.7473946040911197e+56
655.7378702835485,975.5172439935151,788.6909352476999,1006.679481394149,-1.7473946040911197e+56
87.26186679857975,979.7433458681105,952.4642204775515,1006.679481394149,-1.7473946040911197e+56
839.5420906411066,987.6649375671764,956.0957538523056,1006.679481394149,-1.7473946040911197e+56
690.9407965981939,969.4733183473778,808.3751667081281,1006.679481394149,-1.7473946040911197e+56
884.3424693418957,967.1921881242536,957.345399361115,1006.679481394149,-1.7473946040911197e+56
724.8786590093413,972.4186004882815,957.7522473703709,1006.679481394149,-1.7473946040911197e+56
552.6274063675171,986.9328451087565,389.0173316908389,1006.679481394149,-1.7473946040911197e+56
541.9482226243746,979.8169653794737,422.95007446837275,1006.679481394149,-1.7473946040911197e+56
582.8533341276253,1007.6272200020861,513.191344567513,1007.6272200020861,-1.7473946040911197e+56
719.6283456967383,978.7295417311987,957.2443731749765,1007.6272200020861,-1.7473946040911197e+56
790.5939941468197,975.593480459638,961.5531301244347,1007.6272200020861,-1.7473946040911197e+56
754.7825131326896,979.4622947543647,968.7046928254572,1007.6272200020861,-1.7473946040911197e+56
493.49448383689463,987.4131627657528,348.411824088515,1007.6272200020861,-1.7473946040911197e+56
555.2222258663638,979.7542425914642,391.1431878544965,1007.6272200020861,-1.7473946040911197e+56
701.4195375105509,991.1994614961476,941.028252630164,1007.6272200020861,-1.7473946040911197e+56
779.8159300589158,981.6299011373329,948.4311280551551,1007.6272200020861,-1.7473946040911197e+56
536.9340850601476,983.4433025377829,322.03696031385624,1007.6272200020861,-1.7473946040911197e+56
687.6944809719481,983.5134407264342,825.8947199265565,1007.6272200020861,-1.7473946040911197e+56
610.2501761572662,991.3919830871429,432.86573095985887,1007.6272200020861,-1.7473946040911197e+56
696.3555464634727,989.0060867170873,791.4297996910306,1007.6272200020861,-1.7473946040911197e+56
641.5537454402605,987.2146370992137,553.8231635115682,1007.6272200020861,-1.7473946040911197e+56
643.901125925484,980.592934047623,572.3946009694538,1007.6272200020861,-1.7473946040911197e+56
670.0913581241293,980.5532908393028,864.433186300947,1007.6272200020861,-1.7473946040911197e+56
618.638921651707,980.5099879814666,414.4842456488613,1007.6272200020861,-1.7473946040911197e+56
561.2857431630765,990.0524367345935,432.9506734985062,1007.6272200020861,-1.7473946040911197e+56
675.7099208147209,985.3292100650597,636.1382062621807,1007.6272200020861,-1.7473946040911197e+56
548.3219759346271,975.7039220122932,515.5872426947838,1007.6272200020861,-1.7473946040911197e+56
617.0928001409932,978.953868798663,765.1792714305906,1007.6272200020861,-1.7473946040911197e+56
696.1982724732254,981.3033049252974,957.880232771,1007.6272200020861,-1.7473946040911197e+56
684.7915018168591,984.3254844042211,845.5389629248057,1007.6272200020861,-1.7473946040911197e+56
633.9394541219466,977.3637938948683,682.4855694176498,1007.6272200020861,-1.7473946040911197e+56
516.6081097287639,982.2296789513967,380.8311433594692,1007.6272200020861,-1.7473946040911197e+56
657.4888170110164,988.3124045538204,942.2351303181327,1007.6272200020861,-1.7473946040911197e+56
683.2195414103415,978.7612134795065,968.7000416835446,1007.6272200020861,-1.7473946040911197e+56
751.0391829001463,981.4607087284287,965.9869817218602,1007.6272200020861,-1.7473946040911197e+56
481.1374900105168,977.9694337534927,400.4023846300757,1007.6272200020861,-1.7473946040911197e+56
596.6416864364296,988.8698981885733,579.4240299997228,1007.6272200020861,-1.7473946040911197e+56
668.1982697360279,988.1673815071819,797.6431530095399,1007.6272200020861,-1.7473946040911197e+56
715.8391650669878,994.2618734243966,878.0950505914643,1007.6272200020861,-1.7473946040911197e+56
568.4525270054829,984.1882924278174,934.5454372046913,1007.6272200020861,-1.7473946040911197e+56
731.0222807579117,984.5558296096973,953.0636252154941,1007.6272200020861,-1.7473946040911197e+56
691.7302551186303,984.83714442568,971.1401433781739,1007.6272200020861,-1.7473946040911197e+56
598.2642011054144,983.9444899225816,540.1327119496985,1007.6272200020861,-1.7473946040911197e+56
617.5780611532697,992.858952661554,506.9802323035531,1007.6272200020861,-1.7473946040911197e+56
650.3401353138466,985.3762913670522,954.181950848415,1007.6272200020861,-1.7473946040911197e+56
522.3178881443606,981.6183538146179,975.9068190213567,1007.6272200020861,-1.7473946040911197e+56
721.6399300522725,986.0213521699046,973.3827899372992,1007.6272200020861,-1.7473946040911197e+56
582.3343944463188,986.3591118418472,377.4526910741766,1007.6272200020861,-1.7473946040911197e+56
401.3504187890503,990.3569844328035,406.3936643891125,1007.6272200020861,-1.7473946040911197e+56
732.1251050255321,998.190292868194,970.3027585820392,1007.6272200020861,-1.7473946040911197e+56
525.1013140148527,1006.0433914203343,569.4576550099705,1007.6272200020861,-1.7473946040911197e+56
730.8960355062145,983.5806419996695,916.1901949884109,1007.6272200020861,-1.7473946040911197e+56
645.5345905909005,981.502398937204,931.6072279497165,1007.6272200020861,-1.7473946040911197e+56
719.8741177129538,984.7218917763857,957.2450596234462,1007.6272200020861,-1.7473946040911197e+56
299.24684307306825,986.970748858647,363.3974894092232,1007.6272200020861,-1.7473946040911197e+56
498.27506443174207,978.9137630233299,411.19733290113624,1007.6272200020861,-1.7473946040911197e+56
347.90785591189206,990.2560140969241,434.0301124495648,1007.6272200020861,-1.7473946040911197e+56
682.9171984226558,979.5942682190878,970.6514357096398,1007.6272200020861,-1.7473946040911197e+56
667.6911901501899,982.4125624647205,917.6046514171879,1007.6272200020861,-1.7473946040911197e+56
475.136063161779,985.4932701233644,864.9272561261677,1007.6272200020861,-1.7473946040911197e+56
564.4011089181759,991.9757401559168,405.8909159773902,1007.6272200020861,-1.7473946040911197e+56
534.9372447508649,989.6692064752602,715.0640115520831,1007.6272200020861,-1.7473946040911197e+56
662.2347261254112,990.951584654354,785.4299469043178,1007.6272200020861,-1.7473946040911197e+56
635.3220378869889,982.2571920308575,493.43089246878674,1007.6272200020861,-1.7473946040911197e+56
427.4260766580091,979.0568964748072,654.71663349957,1007.6272200020861,-1.7473946040911197e+56
614.9740336513362,980.3181233013125,589.3577029398432,1007.6272200020861,-1.7473946040911197e+56
621.1458799404645,988.2772383268722,553.2497148466833,1007.6272200020861,-1.7473946040911197e+56
292.35929796531076,990.7247248625706,431.88964002737987,1007.6272200020861,-1.7473946040911197e+56
547.8968577878628,988.0498789362846,490.04610551005186,1007.6272200020861,-1.7473946040911197e+56
598.6015089667206,978.7382217859363,583.1122041099651,1007.6272200020861,-1.7473946040911197e+56
253.44396198655357,985.4709131690133,956.5159770618668,1007.6272200020861,-1.7473946040911197e+56
559.9413957297071,978.8875076542785,346.3891335938036,1007.6272200020861,-1.7473946040911197e+56
175.54818521510668,991.0590178838315,387.6536934890595,1007.6272200020861,-1.7473946040911197e+56
-573.3334341593029,981.2011046934008,338.35254074299,1007.6272200020861,-1.7473946040911197e+56
596.0742202609566,971.5121776035592,636.3858297047839,1007.6272200020861,-1.7473946040911197e+56
363.9059158225844,976.7662920691691,921.8798924981065,1007.6272200020861,-1.7473946040911197e+56
-4660.261203208744,981.985672300223,947.2702557598149,1007.6272200020861,-1.7473946040911197e+56
307.8686612501002,976.839247687576,453.68743788539786,1007.6272200020861,-1.7473946040911197e+56
630.9084360941549,997.8848471614823,716.3469079225495,1007.6272200020861,-1.7473946040911197e+56
-10169.138956617146,992.8283321955282,442.9391430993514,1007.6272200020861,-1.7473946040911197e+56
340.86161002172014,981.7916308448,605.9275031083486,1007.6272200020861,-1.7473946040911197e+56
580.9891452115663,977.8231639540575,930.1547114967295,1007.6272200020861,-1.7473946040911197e+56
795.2948008471778,977.8142228851766,959.1254134828147,1007.6272200020861,-1.7473946040911197e+56
188.38271883234373,982.4422773461607,954.2041057989853,1007.6272200020861,-1.7473946040911197e+56
323.01550112122504,992.2098546372755,387.26919734950053,1007.6272200020861,-1.7473946040911197e+56
-5521.759605282433,985.319986314799,431.2349653753642,1007.6272200020861,-1.7473946040911197e+56
521.4066334309995,991.4562845727311,944.9730782477828,1007.6272200020861,-1.7473946040911197e+56
782.6285656853449,971.5916015168581,889.8751769915225,1007.6272200020861,-1.7473946040911197e+56
-7106.628047116929,969.9145811474594,911.7815171928034,1007.6272200020861,-1.7473946040911197e+56
262.043144867073,978.3384034426373,949.4955610630902,1007.6272200020861,-1.7473946040911197e+56
431.9654108168694,989.6264817353073,809.071787530539,1007.6272200020861,-1.7473946040911197e+56
116.61781595353276,972.8768968568927,500.49034717752903,1007.6272200020861,-1.7473946040911197e+56
632.7012664148581,974.9450083963089,935.6914555050697,1007.6272200020861,-1.7473946040911197e+56
847.6920642196334,974.8174844266341,956.8022134028278,1007.6272200020861,-1.7473946040911197e+56
312.3424820653692,985.1021231613945,925.346294283762,1007.6272200020861,-1.7473946040911197e+56
-618.1650254995237,980.6561061376219,494.30678049361626,1007.6272200020861,-1.7473946040911197e+56
-759.0269520827051,988.5632459688352,342.2063271041185,1007.6272200020861,-1.7473946040911197e+56
540.6673054482765,982.484889619017,421.81449951346525,1007.6272200020861,-1.7473946040911197e+56
-343.79683448000674,987.3300767433942,812.3047646393259,1007.6272200020861,-1.7473946040911197e+56
525.24062755297,973.8455858548238,911.3467528490329,1007.6272200020861,-1.7473946040911197e+56
535.4430474490171,979.2442481031887,956.3598167008086,1007.6272200020861,-1.7473946040911197e+56
-439.9409247670938,977.5654682618728,900.3517783315699,1007.6272200020861,-1.7473946040911197e+56
553.7069702938121,984.3051500739292,398.05100643522593,1007.6272200020861,-1.7473946040911197e+56
694.8243613838026,991.1538903366459,747.5932308242574,1007.6272200020861,-1.7473946040911197e+56
701.3571681490632,995.5552862351389,900.7681209584899,1007.6272200020861,-1.7473946040911197e+56
746.8244724770831,980.5497096711077,926.1502202745385,1007.6272200020861,-1.7473946040911197e+56
-93.5742578825078,979.9084742966419,962.2785749232823,1007.6272200020861,-1.7473946040911197e+56
-9403.793388916285,978.0932006728781,943.1392067850952,1007.6272200020861,-1.7473946040911197e+56
617.6514399803115,986.4689483304512,965.7238537814591,1007.6272200020861,-1.7473946040911197e+56
677.8291244697211,992.7458442537421,616.2213904669592,1007.6272200020861,-1.7473946040911197e+56
-765.0207945076085,988.6812345263347,948.6565038969297,1007.6272200020861,-1.7473946040911197e+56
-10515.412553972155,978.8831383652088,747.5866769542129,1007.6272200020861,-1.7473946040911197e+56
843.1107825841941,980.7716109153936,972.1077191538898,1007.6272200020861,-1.7473946040911197e+56
441.0027048721129,981.6377189740941,495.0506282044374,1007.6272200020861,-1.7473946040911197e+56
566.4913494932877,990.5922931987741,348.8364729510993,1007.6272200020861,-1.7473946040911197e+56
545.7675650471003,975.1119704359588,533.3313583964583,1007.6272200020861,-1.7473946040911197e+56
-3017.551122619415,996.8083503190264,365.0114406625799,1007.6272200020861,-1.7473946040911197e+56
-19007.2116574231,981.2731286580246,344.9946040282055,1007.6272200020861,-1.7473946040911197e+56
-657.7289611630182,973.717421966319,520.3067758289922,1007.6272200020861,-1.7473946040911197e+56
-32.01961811903179,980.7022411442742,619.010014003408,1007.6272200020861,-1.7473946040911197e+56
-1423.480328258447,995.8921285080509,383.89441653510016,1007.6272200020861,-1.7473946040911197e+56
-1609.8033551611054,973.7944605566214,348.6128155080478,1007.6272200020861,-1.7473946040911197e+56
-3431.3712723952926,982.1713009245502,310.83281440322486,1007.6272200020861,-1.7473946040911197e+56
374.68847958727207,978.5777851975887,956.2184290213816,1007.6272200020861,-1.7473946040911197e+56
-1919.6505004078122,976.3100382342451,390.2444842148444,1007.6272200020861,-1.7473946040911197e+56
67.00395134034984,974.4888796161654,406.41680894627353,1007.6272200020861,-1.7473946040911197e+56
-1466.7703235737627,975.089163264168,344.47654685256515,1007.6272200020861,-1.7473946040911197e+56
-1204.33205415121,986.3142282724107,366.98223260019904,1007.6272200020861,-1.7473946040911197e+56
-1269.4597130518687,994.8146620005097,428.9314727890031,1007.6272200020861,-1.7473946040911197e+56
-387.0846260422912,980.9202845450158,932.533707312992,1007.6272200020861,-1.7473946040911197e+56
-5134.592871996022,977.3560874196521,388.5421202858822,1007.6272200020861,-1.7473946040911197e+56
-1475.1497469989586,980.1322438669381,813.197930056269,1007.6272200020861,-1.7473946040911197e+56
-2287.330402424209,993.9520509441531,346.4277497755823,1007.6272200020861,-1.7473946040911197e+56
-3075.4823823311553,999.8106589822671,391.65142380635444,1007.6272200020861,-1.7473946040911197e+56
40.45111402467916,986.2522018250921,409.571046264861,1007.6272200020861,-1.7473946040911197e+56
-27606.30052968553,972.9370589974875,938.5029618451881,1007.6272200020861,-1.7473946040911197e+56
-29721.493359954005,979.2644705289101,602.9210795176155,1007.6272200020861,-1.7473946040911197e+56
782.8883065932087,978.0688888425964,968.2907647271511,1007.6272200020861,-1.7473946040911197e+56
-30579.71615237377,987.3175397093863,344.9643152106352,1007.6272200020861,-1.7473946040911197e+56
-1329.663510781835,976.7768041802296,331.6960605844114,1007.6272200020861,-1.7473946040911197e+56
-309.0599610815763,1008.9516683526389,434.3587641605675,1008.9516683526389,-1.7473946040911197e+56
528.0838405682847,975.7264007002843,961.9361517810377,1008.9516683526389,-1.7473946040911197e+56
-2637.12571188083,974.6793067308491,829.9343618605717,1008.9516683526389,-1.7473946040911197e+56
-140.99114221424605,977.1078654103841,518.197802667555,1008.9516683526389,-1.7473946040911197e+56
-239.77700626486734,1014.2081463721482,420.222435242104,1014.2081463721482,-1.7473946040911197e+56
-2338.469820156372,994.7912513885996,961.0594847915339,1014.2081463721482,-1.7473946040911197e+56
-2504.1160323205286,995.1985303810164,502.90134122313896,1014.2081463721482,-1.7473946040911197e+56
-602.0554126719543,973.3976867229892,959.855483888376,1014.2081463721482,-1.7473946040911197e+56
-574.2794705513891,970.9357999331826,689.9434805932653,1014.2081463721482,-1.7473946040911197e+56
-188.19882108224851,977.0453416824502,967.5280567740396,1014.2081463721482,-1.7473946040911197e+56
-51532.79643313132,982.9759532438095,337.2881590207276,1014.2081463721482,-1.7473946040911197e+56
-1435.4423184344198,984.0357741380692,342.2683302700303,1014.2081463721482,-1.7473946040911197e+56
-406.8624596726521,996.7794755993269,361.0197805694782,1014.2081463721482,-1.7473946040911197e+56
-495.2207034832841,977.9812627687239,965.3260942194613,1014.2081463721482,-1.7473946040911197e+56
591.3624423121047,981.2428946024642,962.9826560978436,1014.2081463721482,-1.7473946040911197e+56
18.192705707423517,981.3179064476898,968.1478254735446,1014.2081463721482,-1.7473946040911197e+56
-1482.1602264107744,976.0312723232213,320.04481341392705,1014.2081463721482,-1.7473946040911197e+56
-1257.297090144495,981.1534811826543,337.4994199395448,1014.2081463721482,-1.7473946040911197e+56
-5754.427626832472,996.5686161918294,326.2216721635126,1014.2081463721482,-1.7473946040911197e+56
-7252.301326342757,981.2731139928862,352.99556862558023,1014.2081463721482,-1.7473946040911197e+56
-3059.0502657290294,979.2665846218026,973.46871446752,1014.2081463721482,-1.7473946040911197e+56
-64201.945203824354,979.5165580103903,336.87111997796524,1014.2081463721482,-1.7473946040911197e+56
-13648.499609167819,990.3333938173954,340.521201851907,1014.2081463721482,-1.7473946040911197e+56
-50956.80239348243,1012.0215058887374,352.86110910486565,1014.2081463721482,-1.7473946040911197e+56
-6835.7686482281515,996.6161127727568,411.16527267872715,1014.2081463721482,-1.7473946040911197e+56
-8298.159027303032,980.6086357046951,347.7700321082134,1014.2081463721482,-1.7473946040911197e+56
-11473.30215421493,978.4989082738324,518.2464925480516,1014.2081463721482,-1.7473946040911197e+56
-589.7678442838964,986.3383752378545,967.08828568483,1014.2081463721482,-1.7473946040911197e+56
-2436.6844933195234,990.175107669493,357.17119962854946,1014.2081463721482,-1.7473946040911197e+56
-12892.917852223476,995.7766423640762,332.83886973251157,1014.2081463721482,-1.7473946040911197e+56
-377.032495594487,1000.6088501278354,417.8957212328338,1014.2081463721482,-1.7473946040911197e+56
-10976.280621438935,977.3316727565485,945.182644507247,1014.2081463721482,-1.7473946040911197e+56
-15920.067980723532,978.7020397707392,333.3317232205627,1014.2081463721482,-1.7473946040911197e+56
-6118.926869494094,980.1364291672822,968.022182765697,1014.2081463721482,-1.7473946040911197e+56
-37.77911883198355,992.6291511327047,425.44551884265854,1014.2081463721482,-1.7473946040911197e+56
-6876.889216667252,991.0824289624946,347.6361997053518,1014.2081463721482,-1.7473946040911197e+56
678.4995647099083,989.1929039463658,963.3237675614176,1014.2081463721482,-1.7473946040911197e+56
542.2807280732067,983.8140338274692,967.9060674943481,1014.2081463721482,-1.7473946040911197e+56
-106132.49698234333,975.4708948062776,338.54500817956955,1014.2081463721482,-1.7473946040911197e+56
-2087.902680994668,977.4788432189963,409.3875473707972,1014.2081463721482,-1.7473946040911197e+56
-7046.415408779295,990.4877907881613,470.43391086923856,1014.2081463721482,-1.7473946040911197e+56
-7789.937822108878,990.3489626681968,354.86960201102323,1014.2081463721482,-1.7473946040911197e+56
538.7729892446441,1013.3375199080496,473.6910077055058,1014.2081463721482,-1.7473946040911197e+56
666.1216641189492,979.5549437291659,825.6436774310731,1014.2081463721482,-1.7473946040911197e+56
-8761.840963530292,982.9102964029471,365.6401418480977,1014.2081463721482,-1.7473946040911197e+56
-10802.0907751354,980.8053864128594,349.3386881840603,1014.2081463721482,-1.7473946040911197e+56
-17023.37057078998,977.2348590300038,349.02094557420025,1014.2081463721482,-1.7473946040911197e+56
-8072.381779275889,984.1818031212817,343.9184007029595,1014.2081463721482,-1.7473946040911197e+56
-2670.9632260366143,991.4390541640016,338.45970285086804,1014.2081463721482,-1.7473946040911197e+56
-3425.819229328885,981.438997947369,968.773126815848,1014.2081463721482,-1.7473946040911197e+56
-31732.828667727877,977.2626267453534,361.0333642679217,1014.2081463721482,-1.7473946040911197e+56
-6199.75931899096,983.4989408071867,974.4124813672915,1014.2081463721482,-1.7473946040911197e+56
-12982.457419321592,987.8520691281127,315.88282173915576,1014.2081463721482,-1.7473946040911197e+56
-14450.262157364743,990.5158443381662,320.9882823333291,1014.2081463721482,-1.7473946040911197e+56
-8670.099212376132,995.2281264335734,541.5464168187566,1014.2081463721482,-1.7473946040911197e+56
-16994.389953172744,978.6524475570003,962.0371338417609,1014.2081463721482,-1.7473946040911197e+56
-29294.883855515083,976.7376402830155,900.3602755642314,1014.2081463721482,-1.7473946040911197e+56
-21991.144287290772,981.806510557584,967.6664886960924,1014.2081463721482,-1.7473946040911197e+56
-18139.356913058422,992.7927870347869,345.4599193647585,1014.2081463721482,-1.7473946040911197e+56
-42701.28460441015,984.6515792382926,347.0928751626336,1014.2081463721482,-1.7473946040911197e+56
-9051.496536978508,1000.2992532239824,965.3613618008858,1014.2081463721482,-1.7473946040911197e+56
-6459.395644899431,982.8052585050536,965.712354075146,1014.2081463721482,-1.7473946040911197e+56
763.8046452473135,986.5153257865447,969.1348375727094,1014.2081463721482,-1.7473946040911197e+56
547.4401442511662,988.0779537728683,966.5141486988474,1014.2081463721482,-1.7473946040911197e+56
-28880.220957212667,1004.3188751240649,348.48660917104667,1014.2081463721482,-1.7473946040911197e+56
145.34368644701803,990.6218848177018,335.8633164283662,1014.2081463721482,-1.7473946040911197e+56
-13750.928223407263,995.729218709135,387.24941479809394,1014.2081463721482,-1.7473946040911197e+56
820.4551138283173,988.2355974201721,974.8082247737376,1014.2081463721482,-1.7473946040911197e+56
-13183.746799382774,989.9420743652652,365.2629546588726,1014.2081463721482,-1.7473946040911197e+56
764.5583362575203,986.6020585638839,977.0808726616128,1014.2081463721482,-1.7473946040911197e+56
-16754.33485229621,999.6896923421074,368.60429148375243,1014.2081463721482,-1.7473946040911197e+56
-7284.36865161377,983.4322981896696,346.6165581345643,1014.2081463721482,-1.7473946040911197e+56
-36456.59640793585,995.7375653663538,408.2139614890373,1014.2081463721482,-1.7473946040911197e+56
-7276.163951079271,986.969273103568,382.63944545709586,1014.2081463721482,-1.7473946040911197e+56
-33545.90950993551,983.6452884607183,331.046728941901,1014.2081463721482,-1.7473946040911197e+56
-1261.238082025678,984.2709589459757,338.6954467993618,1014.2081463721482,-1.7473946040911197e+56
-5962.132354627163,995.5560339690742,368.9696157936105,1014.2081463721482,-1.7473946040911197e+56
-679613.457837333,982.3532259457407,341.6598404750964,1014.2081463721482,-1.7473946040911197e+56
665.4845284616888,994.48528087432,524.6686302853129,1014.2081463721482,-1.7473946040911197e+56
-511141.06102141447,988.4525940439943,386.37515744981886,1014.2081463721482,-1.7473946040911197e+56
-5876.824297484205,986.2296817033654,974.1395681233626,1014.2081463721482,-1.7473946040911197e+56
-6082.422251598002,988.7912629865364,978.0873049298245,1014.2081463721482,-1.7473946040911197e+56
-23691.522981233218,1003.6831292575393,344.4012286111409,1014.2081463721482,-1.7473946040911197e+56
-15706.819389207423,989.7757577592165,335.21050277384546,1014.2081463721482,-1.7473946040911197e+56
-9673.26332303434,979.1285061896413,369.984701293781,1014.2081463721482,-1.7473946040911197e+56
-26579.423652320263,984.6981372717169,971.0592273308454,1014.2081463721482,-1.7473946040911197e+56
-60091.5369412558,979.3418381964974,408.12445212148435,1014.2081463721482,-1.7473946040911197e+56
-336493.26571256324,986.4914633574587,840.9564121330126,1014.2081463721482,-1.7473946040911197e+56
-9549.988401850747,993.9238538851378,374.2744947196893,1014.2081463721482,-1.7473946040911197e+56
-52124.75846178157,994.8374741969566,341.48400828490935,1014.2081463721482,-1.7473946040911197e+56
-45011.20249664417,999.0379161480035,376.5224320656295,1014.2081463721482,-1.7473946040911197e+56
-8160.454416628693,985.144538894019,966.5648651832569,1014.2081463721482,-1.7473946040911197e+56
-11220.319771893826,984.3468183563256,970.2070491368679,1014.2081463721482,-1.7473946040911197e+56
-24371.82735558169,985.1293682585818,970.152374705395,1014.2081463721482,-1.7473946040911197e+56
-689.3465887238333,995.1310839467445,445.2278854313929,1014.2081463721482,-1.7473946040911197e+56
-57592.64103676971,993.2131971832322,410.9002171058717,1014.2081463721482,-1.7473946040911197e+56
-13617.561537181136,995.3549949097821,964.830664281609,1014.2081463721482,-1.7473946040911197e+56
-563126.9127655121,983.9136156318191,706.1501269825077,1014.2081463721482,-1.7473946040911197e+56
-6733.8515936784415,983.9914983755717,963.4374829240062,1014.2081463721482,-1.7473946040911197e+56
-1431.971697147368,986.7294654179683,671.2261975846291,1014.2081463721482,-1.7473946040911197e+56
-5104.091140038988,992.0474553426432,380.9614574047291,1014.2081463721482,-1.7473946040911197e+56
-17162.036916458237,997.8727085963844,685.7324834209883,1014.2081463721482,-1.7473946040911197e+56
-65371.92196193042,1003.9490755067203,368.98331565773935,1014.2081463721482,-1.7473946040911197e+56
-73340.9504306324,982.9008047316843,971.0213092514622,1014.2081463721482,-1.7473946040911197e+56
-16521.49982890093,987.6386020730707,975.3036816149179,1014.2081463721482,-1.7473946040911197e+56
-150867.02538588585,988.66593072278,641.4622501290571,1014.2081463721482,-1.7473946040911197e+56
-61029.08653424668,990.5135782018913,338.3700775348126,1014.2081463721482,-1.7473946040911197e+56
-713779.1230520789,993.9041459971784,667.4238558412917,1014.2081463721482,-1.7473946040911197e+56
-284162.71235966275,1029.9454494999563,305.9477649911782,1029.9454494999563,-1.7473946040911197e+56
-1024698.5069361001,983.9367636196318,973.9949793477549,1029.9454494999563,-1.7473946040911197e+56
-106112.06207675628,979.9564374512851,355.60699764877387,1029.9454494999563,-1.7473946040911197e+56
-151065.7679710112,986.2076752178573,347.22718698218955,1029.9454494999563,-1.7473946040911197e+56
-185121.98721623755,996.0857829477628,317.5641736611207,1029.9454494999563,-1.7473946040911197e+56
-131766.27922052852,977.7985629336475,330.3116150682095,1029.9454494999563,-1.7473946040911197e+56
-96823.04538242183,1007.4459841639338,614.579429971749,1029.9454494999563,-1.7473946040911197e+56
-90697.3960576817,990.0084941809938,376.66908540558194,1029.9454494999563,-1.7473946040911197e+56
-16160.744334484993,988.5246448389053,979.050676061007,1029.9454494999563,-1.7473946040911197e+56
-45172.864184051235,991.0485697927754,939.6254236280149,1029.9454494999563,-1.7473946040911197e+56
-62203.96184828689,1001.2980038764166,347.47756163092413,1029.9454494999563,-1.7473946040911197e+56
-12062.060302608026,992.0307469116528,347.76967759062904,1029.9454494999563,-1.7473946040911197e+56
-14299.636094525778,1013.3089394936381,417.2027187303921,1029.9454494999563,-1.7473946040911197e+56
-97102.68651556874,989.3000594477384,918.4968001161355,1029.9454494999563,-1.7473946040911197e+56
-226554.6530564979,983.802313052896,761.1370140042856,1029.9454494999563,-1.7473946040911197e+56
-178717.2998169381,990.9231625330252,342.6356837664089,1029.9454494999563,-1.7473946040911197e+56
-81450.66496604081,996.1640637971733,503.55255455469387,1029.9454494999563,-1.7473946040911197e+56
-1290157.361202059,991.4668827637244,387.31863507444314,1029.9454494999563,-1.7473946040911197e+56
-365785.7523843568,998.6667482076006,78.92720570977153,1029.9454494999563,-1.7473946040911197e+56
-231140.69682585844,986.2178876441656,965.9305294993729,1029.9454494999563,-1.7473946040911197e+56
-145300.1358673374,982.8887664623471,376.0015860602383,1029.9454494999563,-1.7473946040911197e+56
-229927.1577597454,986.3173010395446,977.984199988463,1029.9454494999563,-1.7473946040911197e+56
-34507.27687859719,984.4561873132075,494.24906750936566,1029.9454494999563,-1.7473946040911197e+56
-39342.248130543485,991.6172008835141,439.43713142550445,1029.9454494999563,-1.7473946040911197e+56
645.636003017961,1024.477942307852,566.2752735862479,1029.9454494999563,-1.7473946040911197e+56
-148188.24317132914,989.225015091082,444.571297559285,1029.9454494999563,-1.7473946040911197e+56
-131306.46513978497,981.0432817313662,392.5315774927797,1029.9454494999563,-1.7473946040911197e+56
-88002.62962897064,983.7672753868717,746.8493512527485,1029.9454494999563,-1.7473946040911197e+56
-146565.7396662177,997.4263639265989,834.6345946621631,1029.9454494999563,-1.7473946040911197e+56
-139809.71340135788,989.6673808461584,360.6921321592372,1029.9454494999563,-1.7473946040911197e+56
-201238.98692311926,1012.2413349595307,434.33149620873513,1029.9454494999563,-1.7473946040911197e+56
-105852.53961438489,989.3055271755137,970.2388961632388,1029.9454494999563,-1.7473946040911197e+56
641.5571030528885,996.2611484280744,516.3526717677898,1029.9454494999563,-1.7473946040911197e+56
-68503.0246657352,989.0197470781891,377.27122592620583,1029.9454494999563,-1.7473946040911197e+56
-153836.90191472488,995.4090520841447,346.7160587531754,1029.9454494999563,-1.7473946040911197e+56
-15776.159071096123,998.2099278503315,348.174355090451,1029.9454494999563,-1.7473946040911197e+56
-306127.20158161945,995.9766153744572,451.67576121701694,1029.9454494999563,-1.7473946040911197e+56
-49555.766046110315,988.5686255938635,345.4183995687155,1029.9454494999563,-1.7473946040911197e+56
-16317.867621357842,984.8138069721196,324.43043915427495,1029.9454494999563,-1.7473946040911197e+56
-2263545.6478092778,991.4712927891156,939.3477303894995,1029.9454494999563,-1.7473946040911197e+56
-267665.2978719339,982.3718238449881,317.50165855008737,1029.9454494999563,-1.7473946040911197e+56
-5380854.846009594,993.6476685109551,972.0756242270273,1029.9454494999563,-1.7473946040911197e+56
-3774338.7181621967,977.9129251729024,376.81126122102137,1029.9454494999563,-1.7473946040911197e+56
-110777.60745196053,993.0880021261097,431.0719186825576,1029.9454494999563,-1.7473946040911197e+56
-122494.3536504469,995.5707561086837,513.0770792462896,1029.9454494999563,-1.7473946040911197e+56
-130993.57738551745,991.0898248130691,485.45423512287414,1029.9454494999563,-1.7473946040911197e+56
-176826.25154291617,1017.6014996714626,361.802417462494,1029.9454494999563,-1.7473946040911197e+56
-164171.1727945377,1008.8877906947987,339.15960116455665,1029.9454494999563,-1.7473946040911197e+56
-359173.65619354846,992.7186507815588,555.1981328423666,1029.9454494999563,-1.7473946040911197e+56
-4065.1354738630266,996.2637651673726,977.290733270566,1029.9454494999563,-1.7473946040911197e+56
-24095.783610841547,992.9672794280895,404.6118562232662,1029.9454494999563,-1.7473946040911197e+56
-192331.0151797376,994.4423043470171,415.2984139398837,1029.9454494999563,-1.7473946040911197e+56
-3608965.2280575004,989.6689762252648,347.9098101815261,1029.9454494999563,-1.7473946040911197e+56
-97675.31253590646,998.7028964730209,755.414660319177,1029.9454494999563,-1.7473946040911197e+56
-77399.72353056213,1000.2594961719803,487.0868755828669,1029.9454494999563,-1.7473946040911197e+56
-396051.3739063831,990.1043888107446,403.5710870502138,1029.9454494999563,-1.7473946040911197e+56
-111359.86676493571,987.7132976721582,334.3479011910964,1029.9454494999563,-1.7473946040911197e+56
-409366.0945811029,989.7708315050951,976.6315782056738,1029.9454494999563,-1.7473946040911197e+56
-234419.2705787946,980.8498541612046,335.2064441245913,1029.9454494999563,-1.7473946040911197e+56
-280036.1734221734,995.9813030984624,432.05517742168604,1029.9454494999563,-1.7473946040911197e+56
-160683.95494105923,1003.8611798202664,445.2142741317567,1029.9454494999563,-1.7473946040911197e+56
-417389.28537443903,987.4787400438277,581.0117139545506,1029.9454494999563,-1.7473946040911197e+56
-120.2201890608104,989.6741613637776,974.2442947475637,1029.9454494999563,-1.7473946040911197e+56
-70654.67942815335,995.364576478529,433.64210615438736,1029.9454494999563,-1.7473946040911197e+56
-113847.27385142264,995.9092435561665,342.47651288563634,1029.9454494999563,-1.7473946040911197e+56
-86585.10067602515,992.2913801444894,374.48504867826676,1029.9454494999563,-1.7473946040911197e+56
-551206.4084056255,994.2925929522181,373.1172407810767,1029.9454494999563,-1.7473946040911197e+56
-270534.6466752041,995.7052983220359,334.6010875469529,1029.9454494999563,-1.7473946040911197e+56
656.5465192614539,992.1148522744053,603.8700579344799,1029.9454494999563,-1.7473946040911197e+56
-17476.16851419733,993.0570994234057,748.5326813172358,1029.9454494999563,-1.7473946040911197e+56
-57331.3978728078,991.8539958049295,606.6204017049854,1029.9454494999563,-1.7473946040911197e+56
-519204.3578405461,992.1447083335071,347.7071413012465,1029.9454494999563,-1.7473946040911197e+56
-1180436.277821455,1001.5622065740752,337.5701524157068,1029.9454494999563,-1.7473946040911197e+56
-219906.56672664842,992.2520668341823,821.8753962181931,1029.9454494999563,-1.7473946040911197e+56
769.435193283065,994.4534658467744,977.0716970431072,1029.9454494999563,-1.7473946040911197e+56
776.9086266712931,991.7783102547066,974.988912683288,1029.9454494999563,-1.7473946040911197e+56
580.5448086381455,999.5043671653599,364.42888835569374,1029.9454494999563,-1.7473946040911197e+56
-861673.2223380677,1004.4180554663002,513.9862889434614,1029.9454494999563,-1.7473946040911197e+56
-761159.225000881,999.3523152910801,965.7029925607143,1029.9454494999563,-1.7473946040911197e+56
-785210.4530475392,988.8443353593624,959.6972522557388,1029.9454494999563,-1.7473946040911197e+56
-254837.52674524608,984.5086415442186,972.6089530560594,1029.9454494999563,-1.7473946040911197e+56
-573162.6636475286,987.0875890150118,975.8403846877777,1029.9454494999563,-1.7473946040911197e+56
-431057.77869882534,1000.0133201901677,349.47943456032596,1029.9454494999563,-1.7473946040911197e+56
-2592456.3662805776,990.8778099785058,373.71603756676416,1029.9454494999563,-1.7473946040911197e+56
-239004.58499317532,996.8200775906516,512.8887369198354,1029.9454494999563,-1.7473946040911197e+56
-748989.8664221661,995.2412356395055,977.0263124611945,1029.9454494999563,-1.7473946040911197e+56
-8526073.678246351,990.7838083692399,931.0951754890383,1029.9454494999563,-1.7473946040911197e+56
-1115733.0530667298,991.1048905242402,975.8825963417061,1029.9454494999563,-1.7473946040911197e+56
-1053336.7059257226,998.5568594936146,334.91866594000027,1029.9454494999563,-1.7473946040911197e+56
-1510170.9593050173,994.5211670758072,344.8210230193721,1029.9454494999563,-1.7473946040911197e+56
-706390.2727401888,993.0891132135631,374.2665462646184,1029.9454494999563,-1.7473946040911197e+56
-53108.92009949798,989.3194521630827,978.035493913985,1029.9454494999563,-1.7473946040911197e+56
-565699.517186405,994.5782549336132,971.1686463954176,1029.9454494999563,-1.7473946040911197e+56
-371353.1018483945,990.6265020421802,603.8525011963782,1029.9454494999563,-1.7473946040911197e+56
-14911.263053325878,989.9495938979338,372.3604326336759,1029.9454494999563,-1.7473946040911197e+56
596.3952248392285,1004.8813197012029,479.15084032986573,1029.9454494999563,-1.7473946040911197e+56
-12707.244422920316,993.0569065721113,959.8793381501365,1029.9454494999563,-1.7473946040911197e+56
-16288.744033855444,987.8780123034112,927.1906358954943,1029.9454494999563,-1.7473946040911197e+56
-343332.8848661336,988.5401132730267,966.357029033028,1029.9454494999563,-1.7473946040911197e+56
-379779.70781877474,990.1662319698604,980.3807603604539,1029.9454494999563,-1.7473946040911197e+56
-1119798.4396769642,1003.3276678461326,494.01032472658,1029.9454494999563,-1.7473946040911197e+56
-640102.7419610957,998.9122365971323,505.7932410936523,1029.9454494999563,-1.7473946040911197e+56
-322727.93878819974,993.9921403234722,433.73660444621464,1029.9454494999563,-1.7473946040911197e+56
-1170304.2275769159,992.498217897272,980.8176370879326,1029.9454494999563,-1.7473946040911197e+56
-1156547.9707422361,992.5440360468286,451.8862001701412,1029.9454494999563,-1.7473946040911197e+56
-403136.693149704,990.8270867951261,977.2570768058581,1029.9454494999563,-1.7473946040911197e+56
-3067386.14639316,992.9545714402408,351.7149898065517,1029.9454494999563,-1.7473946040911197e+56
-3564885.175809831,988.0519187362071,341.9433044153806,1029.9454494999563,-1.7473946040911197e+56
-32625246.739787433,993.1622822143489,590.2807159297297,1029.9454494999563,-1.7473946040911197e+56
-538461.4742215445,991.1127097810165,926.9459213270828,1029.9454494999563,-1.7473946040911197e+56
-74116.48904123828,992.3404112256553,978.7773556336115,1029.9454494999563,-1.7473946040911197e+56
-66480.69812515313,990.7324520009507,339.68725108419045,1029.9454494999563,-1.7473946040911197e+56
-62782.40566853274,1002.1936739548714,358.083998116955,1029.9454494999563,-1.7473946040911197e+56
554.6746188468024,995.0216024831637,391.0743803691934,1029.9454494999563,-1.7473946040911197e+56
-18990.471335844115,997.3031907157401,957.7346617676824,1029.9454494999563,-1.7473946040911197e+56
854.2274712874112,994.552532466093,980.6995375871167,1029.9454494999563,-1.7473946040911197e+56
820.8428170042692,992.532461183989,980.0562478691231,1029.9454494999563,-1.7473946040911197e+56
-69547.18828266105,991.0125435319014,844.694117936465,1029.9454494999563,-1.7473946040911197e+56
-1535.7640768821186,1001.2371076830392,408.7199263344503,1029.9454494999563,-1.7473946040911197e+56
-1342158.6563869088,990.4127472039211,416.7004549712916,1029.9454494999563,-1.7473946040911197e+56
588.6644231158717,992.7451989417734,434.52531544084377,1029.9454494999563,-1.7473946040911197e+56
741.6444092042123,993.3797797772582,979.1280769270705,1029.9454494999563,-1.7473946040911197e+56
-771568.296458856,989.7018462349511,937.4933696963742,1029.9454494999563,-1.7473946040911197e+56
-513421.3262452239,994.9470107746897,615.681998802652,1029.9454494999563,-1.7473946040911197e+56
-573244.560194373,998.2376510188235,470.23880561791515,1029.9454494999563,-1.7473946040911197e+56
-3549762.904078801,995.5602823327632,372.88749976136506,1029.9454494999563,-1.7473946040911197e+56
-3539224.4393735384,993.945939353794,520.8949786139925,1029.9454494999563,-1.7473946040911197e+56
-1585990.1826210974,990.8514343931637,931.3555043255474,1029.9454494999563,-1.7473946040911197e+56
-3897654.4359432757,990.5080204749033,568.9252089208605,1029.9454494999563,-1.7473946040911197e+56
-2631125.0600718325,980.7015663484369,325.00840678986816,1029.9454494999563,-1.7473946040911197e+56
-2323124.414483075,996.1720040458555,318.92461553915416,1029.9454494999563,-1.7473946040911197e+56
-6194268.913324506,998.8758647668573,378.072104405035,1029.9454494999563,-1.7473946040911197e+56
-4607109.923211932,999.2058446371797,966.5154029424991,1029.9454494999563,-1.7473946040911197e+56
-7921431.261486693,993.8638186222806,344.87242023044246,1029.9454494999563,-1.7473946040911197e+56
-4574808.3654678,991.6048174496141,388.79520634224224,1029.9454494999563,-1.7473946040911197e+56
-1428808.5361577387,995.2245818398394,964.8283879502278,1029.9454494999563,-1.7473946040911197e+56
-954145.2443215176,992.304434495987,599.8530893765446,1029.9454494999563,-1.7473946040911197e+56
-3917687.607234359,988.8958697102477,327.75303031076476,1029.9454494999563,-1.7473946040911197e+56
-41789236.21746036,985.489026249902,622.9023010090226,1029.9454494999563,-1.7473946040911197e+56
-1488396.1067398794,994.391151450458,980.246862788767,1029.9454494999563,-1.7473946040911197e+56
-4039924.77349937,998.2218540374471,633.9511153161054,1029.9454494999563,-1.7473946040911197e+56
-16172437.19848813,991.633371017682,342.68399871347043,1029.9454494999563,-1.7473946040911197e+56
-4990875.606934936,992.797070407382,689.0269144735449,1029.9454494999563,-1.7473946040911197e+56
-4079472.666996607,1003.5258770223845,354.786683041521,1029.9454494999563,-1.7473946040911197e+56
-2133735.7238831013,998.2509916665991,965.0475615844945,1029.9454494999563,-1.7473946040911197e+56
-77278989.6206367,992.9089595712147,390.4963145341982,1029.9454494999563,-1.7473946040911197e+56
-2527991.5487846816,990.2956161823877,492.98932788968256,1029.9454494999563,-1.7473946040911197e+56
-1338231.8872180344,994.362804322155,900.2163403000953,1029.9454494999563,-1.7473946040911197e+56
538.03393456885,1001.9699381799894,355.4026596965231,1029.9454494999563,-1.7473946040911197e+56
-3866255.0797427213,996.5906340638212,385.17283497348024,1029.9454494999563,-1.7473946040911197e+56
-691040.7981091656,998.2059169752581,957.6462832883666,1029.9454494999563,-1.7473946040911197e+56
677.7305354644586,986.8718751332999,964.2360753053997,1029.9454494999563,-1.7473946040911197e+56
-1531889.0518919625,994.2009724029786,972.385945240688,1029.9454494999563,-1.7473946040911197e+56
791.6803931198605,991.5289224407305,969.0147346799102,1029.9454494999563,-1.7473946040911197e+56
-302902.98659625335,999.0588178752553,462.2080887780219,1029.9454494999563,-1.7473946040911197e+56
607.4446071980285,986.069869542207,393.3955294471605,1029.9454494999563,-1.7473946040911197e+56
746.67847988392,1007.6774906007379,967.0734183864774,1029.9454494999563,-1.7473946040911197e+56
-85402.33563823471,992.11063423076,927.355124759549,1029.9454494999563,-1.7473946040911197e+56
-3915351.3979793536,991.0163740612988,936.2580818990449,1029.9454494999563,-1.7473946040911197e+56
675.3710852311377,993.3793138548577,930.4395796432354,1029.9454494999563,-1.7473946040911197e+56
559.2176794344167,1000.4628142299016,398.63890139737003,1029.9454494999563,-1.7473946040911197e+56
-1581863.971102516,1001.1986081763761,969.6725751253484,1029.9454494999563,-1.7473946040911197e+56
-4260010.568064245,989.9263448887765,609.9520384725137,1029.9454494999563,-1.7473946040911197e+56
-594475.0082994609,984.2320998724266,962.4664012855595,1029.9454494999563,-1.7473946040911197e+56
-8343331.868491918,988.3964264476394,971.2888735660089,1029.9454494999563,-1.7473946040911197e+56
-7888422.008846992,989.9124933503529,980.3061779534752,1029.9454494999563,-1.7473946040911197e+56
-360464.2597570796,993.2520055704472,942.8028461276108,1029.9454494999563,-1.7473946040911197e+56
-8034432.852339817,1008.7576211226595,392.16634329976495,1029.9454494999563,-1.7473946040911197e+56
-311231.6430858735,1020.820566654902,481.104168604388,1029.9454494999563,-1.7473946040911197e+56
-974823.5026527892,988.7019332364152,521.2094024558586,1029.9454494999563,-1.7473946040911197e+56
-6245385.504371841,986.431335301514,627.9192518778931,1029.9454494999563,-1.7473946040911197e+56
-4355636.043642884,985.9389066440174,651.1824094544598,1029.9454494999563,-1.7473946040911197e+56
-8736019.40594923,998.8792582744269,388.18474184523524,1029.9454494999563,-1.7473946040911197e+56
-181326.83083531205,993.2995286149403,971.7870124574379,1029.9454494999563,-1.7473946040911197e+56
-2280299.991245563,1002.4891013593439,951.3920146823468,1029.9454494999563,-1.7473946040911197e+56
-12171327.10348355,987.418685511027,474.1595380273028,1029.9454494999563,-1.7473946040911197e+56
-85363.46108483961,987.8648973326494,735.8696341641011,1029.9454494999563,-1.7473946040911197e+56
-5168983.832200469,986.9948154414461,955.1858615707002,1029.9454494999563,-1.7473946040911197e+56
-3977557.466571757,1002.375893627166,571.1261657044543,1029.9454494999563,-1.7473946040911197e+56
-21162762.711796466,993.9561701000438,968.4891252519316,1029.9454494999563,-1.7473946040911197e+56
-5191633.808719289,997.4004421591382,537.7749195308965,1029.9454494999563,-1.7473946040911197e+56
643.0700083684826,995.8675926077211,525.6111776407503,1029.9454494999563,-1.7473946040911197e+56
767.199488450709,992.1033320682513,960.4716641243195,1029.9454494999563,-1.7473946040911197e+56
808.4186943083167,992.5399736851122,972.9193150677143,1029.9454494999563,-1.7473946040911197e+56
-128821.6301493912,1018.3166677600987,966.7053921325195,1029.9454494999563,-1.7473946040911197e+56
-2800149.390009479,1012.1389073816039,714.47533987553,1029.9454494999563,-1.7473946040911197e+56
723.7532866961923,1001.9350990142814,941.5530679308775,1029.9454494999563,-1.7473946040911197e+56
-225348883.62796745,992.4492893026071,957.0300265801355,1029.9454494999563,-1.7473946040911197e+56
-1976011.6221197017,987.4455503413826,937.290390198598,1029.9454494999563,-1.7473946040911197e+56
-25116599.104886916,987.7307375859456,380.3535095958532,1029.9454494999563,-1.7473946040911197e+56
-816626.5822387877,1003.7790167576983,558.699487854023,1029.9454494999563,-1.7473946040911197e+56
-7734743.2269299,990.0062088827758,387.17558451139354,1029.9454494999563,-1.7473946040911197e+56
-6069277.614728818,992.5609666458022,865.2926960731236,1029.9454494999563,-1.7473946040911197e+56
886.6611569703689,993.6846271606441,976.6681937574718,1029.9454494999563,-1.7473946040911197e+56
602.4118722781237,984.9583582463995,543.0486580707332,1029.9454494999563,-1.7473946040911197e+56
-15468628.406447284,989.2488580643973,931.3864845786112,1029.9454494999563,-1.7473946040911197e+56
-5924842.673181418,982.0191486584405,965.3781293928423,1029.9454494999563,-1.7473946040911197e+56
716.2694169719651,999.8854990854741,796.4240323589635,1029.9454494999563,-1.7473946040911197e+56
869.1615353470688,1006.6610625336443,973.0947117979618,1029.9454494999563,-1.7473946040911197e+56
-199660.2286288524,994.5975606309395,973.468542204605,1029.9454494999563,-1.7473946040911197e+56
789.5570687293193,992.3350798034345,947.6156399536515,1029.9454494999563,-1.7473946040911197e+56
656.4412808746426,993.0381700581396,542.0705909967937,1029.9454494999563,-1.7473946040911197e+56
-28002520.43384576,998.4664224367214,970.9092695662147,1029.9454494999563,-1.7473946040911197e+56
752.6954073128023,999.2139581078123,967.5665447192363,1029.9454494999563,-1.7473946040911197e+56
-1479891.5130009355,1000.5871262739079,968.5358589039164,1029.9454494999563,-1.7473946040911197e+56
-13767670.33250583,993.0903924645877,394.8366237761097,1029.9454494999563,-1.7473946040911197e+56
-3892547.4536041487,993.5468999614973,980.035573063242,1029.9454494999563,-1.7473946040911197e+56
-16659396.305454941,992.3326967853299,664.7158022714834,1029.9454494999563,-1.7473946040911197e+56
606.6582453021477,994.4500588991478,410.8706483772517,1029.9454494999563,-1.7473946040911197e+56
760.7225029525996,1000.2160582882499,976.2408651769871,1029.9454494999563,-1.7473946040911197e+56
687.4342112874963,992.2705640359276,956.8326434919402,1029.9454494999563,-1.7473946040911197e+56
-12622651.134937756,986.966080274365,535.4335547745081,1029.9454494999563,-1.7473946040911197e+56
-14297246.268992564,983.8384230045082,924.3602464029784,1029.9454494999563,-1.7473946040911197e+56
-3154912.875359981,989.9704104307067,955.7285524008395,1029.9454494999563,-1.7473946040911197e+56
-6022807.996860074,992.8575395909373,977.3160327024532,1029.9454494999563,-1.7473946040911197e+56
-50905685.59476273,995.3742223893203,971.7415777264113,1029.9454494999563,-1.7473946040911197e+56
-1626086.164453984,998.1407514455024,954.5807992179473,1029.9454494999563,-1.7473946040911197e+56
703.6712540693153,992.7903389988818,928.3376421540289,1029.9454494999563,-1.7473946040911197e+56
-1565848.4703677741,990.9274444565442,975.7898081286766,1029.9454494999563,-1.7473946040911197e+56
822.4394682348129,994.0727363412868,930.3629964570321,1029.9454494999563,-1.7473946040911197e+56
643.8464626359402,997.1556824575143,519.8723353343074,1029.9454494999563,-1.7473946040911197e+56
-3934502.432881155,986.6563638801017,363.8185835782857,1029.9454494999563,-1.7473946040911197e+56
-12564757.510579634,994.5718913911655,966.4038012445818,1029.9454494999563,-1.7473946040911197e+56
665.3764966321407,987.2579989529253,746.6352112227569,1029.9454494999563,-1.7473946040911197e+56
812.0995143550165,987.5791120105239,971.7381660745727,1029.9454494999563,-1.7473946040911197e+56
707.1755112338437,982.0301145243478,973.9787646072677,1029.9454494999563,-1.7473946040911197e+56
-73490685.01591522,988.322172658354,971.2656257154445,1029.9454494999563,-1.7473946040911197e+56
-60875960.20590041,1013.0418382776616,952.0408154441227,1029.9454494999563,-1.7473946040911197e+56
-33145521.007601894,1006.5775589400886,966.1283341394515,1029.9454494999563,-1.7473946040911197e+56
922.8197609742032,994.2943183017875,974.8794782938006,1029.9454494999563,-1.7473946040911197e+56
-34263632.12113747,984.0152336570085,924.4949982213773,1029.9454494999563,-1.7473946040911197e+56
680.9244973102861,989.7644651379829,837.0830872554574,1029.9454494999563,-1.7473946040911197e+56
801.4634071738693,994.5605603217383,963.9206674878467,1029.9454494999563,-1.7473946040911197e+56
-46944.06777004023,990.3288600775975,566.7688623414284,1029.9454494999563,-1.7473946040911197e+56
842.2218148971047,993.2977371943128,961.1188190053739,1029.9454494999563,-1.7473946040911197e+56
712.3421438258902,990.3283745225992,955.2164518735614,1029.9454494999563,-1.7473946040911197e+56
703.3085619434524,991.653752951422,948.0441098168366,1029.9454494999563,-1.7473946040911197e+56
638.1608572070286,991.6804033208174,476.9235423541545,1029.9454494999563,-1.7473946040911197e+56
-16671473.218657328,994.4841571919119,632.4174889727378,1029.9454494999563,-1.7473946040911197e+56
-10366901.777465895,997.240117836679,972.0256922383284,1029.9454494999563,-1.7473946040911197e+56
-40604680.069476604,991.095291399596,948.7686971200027,1029.9454494999563,-1.7473946040911197e+56
783.7550770825684,990.0222799918672,934.6152500394599,1029.9454494999563,-1.7473946040911197e+56
710.2347648545722,987.492011774148,688.7512271685728,1029.9454494999563,-1.7473946040911197e+56
-10201734.075417018,989.3867497979151,922.1176423393376,1029.9454494999563,-1.7473946040911197e+56
-127335800.52254938,988.5553821555155,937.2560880102008,1029.9454494999563,-1.7473946040911197e+56
-45007986.5359614,989.8118430400954,973.5441002359574,1029.9454494999563,-1.7473946040911197e+56
-223309076.83077762,987.0378835518675,741.8792275215363,1029.9454494999563,-1.7473946040911197e+56
802.2164112912499,979.4532162635205,926.1509913901331,1029.9454494999563,-1.7473946040911197e+56
-17230425.38560848,986.9973997105977,965.2049278540841,1029.9454494999563,-1.7473946040911197e+56
-7185120.07899393,988.5824459688364,966.6348513587386,1029.9454494999563,-1.7473946040911197e+56
-45400372.12028501,994.6410474222001,904.4110473174405,1029.9454494999563,-1.7473946040911197e+56
651.4819950129225,1000.0679716792271,536.003161418843,1029.9454494999563,-1.7473946040911197e+56
792.5858347017319,987.9435978317449,960.9246265413587,1029.9454494999563,-1.7473946040911197e+56
762.9064351074564,992.154380534632,932.188937836464,1029.9454494999563,-1.7473946040911197e+56
-58663879.43047915,994.6873547860868,930.6505392559862,1029.9454494999563,-1.7473946040911197e+56
-29279918.008305367,992.3326288330485,928.8131491196376,1029.9454494999563,-1.7473946040911197e+56
586.0502786751288,993.5740877769862,403.8497003883597,1029.9454494999563,-1.7473946040911197e+56
-12202851.704732446,989.7775459323457,490.94982063768236,1029.9454494999563,-1.7473946040911197e+56
822.894503042956,991.9403369627539,970.1596514824225,1029.9454494999563,-1.7473946040911197e+56
-160819019.40919656,991.3586886251845,934.1546992042865,1029.9454494999563,-1.7473946040911197e+56
-3502274.1672706837,992.1788747026047,941.8944021109957,1029.9454494999563,-1.7473946040911197e+56
842.0581789327002,987.6675291002603,931.338054088095,1029.9454494999563,-1.7473946040911197e+56
-1578997132.6731231,1005.3875943096789,438.9424550026062,1029.9454494999563,-1.7473946040911197e+56
646.4518279589062,995.0926362275386,579.7953467324438,1029.9454494999563,-1.7473946040911197e+56
-6680836.902454844,990.8349073808437,978.154263398075,1029.9454494999563,-1.7473946040911197e+56
-56999164.83314188,988.6721741103485,970.1136989580735,1029.9454494999563,-1.7473946040911197e+56
802.0406891066324,981.324482247277,964.5288883726699,1029.9454494999563,-1.7473946040911197e+56
-43677323.64660115,992.5997400881529,956.8214839968635,1029.9454494999563,-1.7473946040911197e+56
-73068450.5391569,1002.983745982371,772.3642155520037,1029.9454494999563,-1.7473946040911197e+56
-221127965.18678117,988.6256600411091,571.1035156278559,1029.9454494999563,-1.7473946040911197e+56
-401457626.50599676,998.1183798162783,966.7851080063405,1029.9454494999563,-1.7473946040911197e+56
-140860150.28863022,987.7315724968663,973.2334476232828,1029.9454494999563,-1.7473946040911197e+56
-30076050.90366668,986.0260453475936,970.7974918762494,1029.9454494999563,-1.7473946040911197e+56
-105229604.55423583,986.4090197256739,971.7267967815122,1029.9454494999563,-1.7473946040911197e+56
-83962285.24371047,995.721450020639,404.51767359757326,1029.9454494999563,-1.7473946040911197e+56
-94363018.76212163,1003.3917228421556,515.1466129940861,1029.9454494999563,-1.7473946040911197e+56
-37115993.843040645,1001.5382446376094,953.8142621961875,1029.9454494999563,-1.7473946040911197e+56
-50783711.07137836,994.0806038629709,979.2484281380704,1029.9454494999563,-1.7473946040911197e+56
859.8762572590397,994.6008408479714,983.5854312311849,1029.9454494999563,-1.7473946040911197e+56
-138337963.0457516,993.7150458607628,832.9746421155941,1029.9454494999563,-1.7473946040911197e+56
-10399706.495006531,998.879924841863,480.3614229641718,1029.9454494999563,-1.7473946040911197e+56
-63782427.98527618,991.5330506339473,367.71007364244974,1029.9454494999563,-1.7473946040911197e+56
-275439220.1971495,1001.5762469294838,856.8406413186132,1029.9454494999563,-1.7473946040911197e+56
-222631686.8029231,992.768609179348,976.341731181796,1029.9454494999563,-1.7473946040911197e+56
-17333314.37485372,989.5163477260686,936.4356862323141,1029.9454494999563,-1.7473946040911197e+56
823.5798089864398,989.7463691570931,971.2894793685161,1029.9454494999563,-1.7473946040911197e+56
623.6556832705583,995.3179187627286,454.9028807669812,1029.9454494999563,-1.7473946040911197e+56
758.9958873745223,991.8476081922748,967.5454795230631,1029.9454494999563,-1.7473946040911197e+56
-90064885.2689887,1017.32479656559,440.7799808327566,1029.9454494999563,-1.7473946040911197e+56
-357814644.7286727,995.8430791872339,388.9341217303822,1029.9454494999563,-1.7473946040911197e+56
-39587166.44120739,982.2622142684204,928.1317993984276,1029.9454494999563,-1.7473946040911197e+56
-389812578.14576346,987.2178717189691,967.1572535838734,1029.9454494999563,-1.7473946040911197e+56
-74391541.26908524,1001.063439773092,972.958139272093,1029.9454494999563,-1.7473946040911197e+56
-252377443.883733,1005.6948379422771,972.6645326981869,1029.9454494999563,-1.7473946040911197e+56
-312739941.20909977,993.3776515234105,639.8615346659125,1029.9454494999563,-1.7473946040911197e+56
-139443235.89875028,989.8210081258261,962.3324281954763,1029.9454494999563,-1.7473946040911197e+56
-376188130.5949823,982.0198068528877,861.9227443345236,1029.9454494999563,-1.7473946040911197e+56
-137755984.60109195,994.0025838361265,970.4823461988444,1029.9454494999563,-1.7473946040911197e+56
-576503392.2651161,989.0669092148801,380.50488166409264,1029.9454494999563,-1.7473946040911197e+56
-305100563.80363405,994.0589964495867,964.2552586749013,1029.9454494999563,-1.7473946040911197e+56
679.4736655825728,995.1199130780637,846.8666877624578,1029.9454494999563,-1.7473946040911197e+56
-229761140.13944563,989.7819540875895,973.0709845000553,1029.9454494999563,-1.7473946040911197e+56
-260004859.95931268,991.8852309850403,960.5322801527701,1029.9454494999563,-1.7473946040911197e+56
649.8610922688334,990.6001486640008,788.501179961413,1029.9454494999563,-1.7473946040911197e+56
-10339405.8439818,989.6329398493526,561.9226647654291,1029.9454494999563,-1.7473946040911197e+56
-247349661.85287064,1000.7966182424938,459.7694618341934,1029.9454494999563,-1.7473946040911197e+56
892.1071210718725,1009.2192049653934,974.3287337834278,1029.9454494999563,-1.7473946040911197e+56
916.0305280823544,991.8075442832002,980.3131885590274,1029.9454494999563,-1.7473946040911197e+56
877.2431807493805,990.5060566087036,970.9214719009739,1029.9454494999563,-1.7473946040911197e+56
909.5902689319939,992.7074399554533,978.1936829688625,1029.9454494999563,-1.7473946040911197e+56
-58783821.73845511,997.908081045069,371.210268564284,1029.9454494999563,-1.7473946040911197e+56
723.7350998061281,994.5590691112496,935.8345328452341,1029.9454494999563,-1.7473946040911197e+56
-8056527708.650913,1015.932981201857,969.8468549870145,1029.9454494999563,-1.7473946040911197e+56
789.4558153894443,991.4139685810766,942.417574056112,1029.9454494999563,-1.7473946040911197e+56
789.4130998809522,992.3998250092922,965.9511345354418,1029.9454494999563,-1.7473946040911197e+56
-907675921.9651196,990.4295070549405,524.4280125668205,1029.9454494999563,-1.7473946040911197e+56
-93970975.59010464,1004.202368521153,617.3890157841312,1029.9454494999563,-1.7473946040911197e+56
701.2970512986125,991.9409887597154,777.847028642596,1029.9454494999563,-1.7473946040911197e+56
-687032982.7123008,1004.8174670476021,741.1533623203425,1029.9454494999563,-1.7473946040911197e+56
-192857629.28953448,989.8482327730288,463.4336022725807,1029.9454494999563,-1.7473946040911197e+56
-54520743.618931085,985.4763430609385,935.0332457752486,1029.9454494999563,-1.7473946040911197e+56
822.0679072091268,987.786918903336,969.0934215996083,1029.9454494999563,-1.7473946040911197e+56
707.7378133033878,992.3764287530952,962.8996898946059,1029.9454494999563,-1.7473946040911197e+56
610.5522462545131,996.1717473319894,540.3617253849153,1029.9454494999563,-1.7473946040911197e+56
-488186257.94219184,1010.8922663577426,971.4417121719276,1029.9454494999563,-1.7473946040911197e+56
840.8780668969249,997.7915199401866,975.187932781801,1029.9454494999563,-1.7473946040911197e+56
-624397408.3102523,1001.1872345548206,931.9652490178648,1029.9454494999563,-1.7473946040911197e+56
-200431.3726003977,990.8663919501286,976.5251888090393,1029.9454494999563,-1.7473946040911197e+56
-1071068835.4382418,997.2618564055365,977.8733521262387,1029.9454494999563,-1.7473946040911197e+56
762.7204815589765,994.1230794909193,979.255632802307,1029.9454494999563,-1.7473946040911197e+56
741.1772200665696,997.1070467176321,964.1259689934293,1029.9454494999563,-1.7473946040911197e+56
-634999434.300464,997.635033555438,972.2428063511443,1029.9454494999563,-1.7473946040911197e+56
-755200706.9864291,991.6396617213467,960.3173135763413,1029.9454494999563,-1.7473946040911197e+56
656.8458012967842,1003.69012705628,792.2101750030521,1029.9454494999563,-1.7473946040911197e+56
-184592906.1767643,1001.7668804248244,977.3218861737679,1029.9454494999563,-1.7473946040911197e+56
-505867771.4317413,1010.8977032365676,456.01195680472415,1029.9454494999563,-1.7473946040911197e+56
816.1040339600889,1001.8047176002219,970.0725977904085,1029.9454494999563,-1.7473946040911197e+56
768.1541090598151,1004.3099709658946,974.4606281616467,1029.9454494999563,-1.7473946040911197e+56
-405409766.1699391,994.0287737007144,746.8366730270943,1029.9454494999563,-1.7473946040911197e+56
-270404732.1447568,986.0859269466454,946.440667275039,1029.9454494999563,-1.7473946040911197e+56
-414599637.27813387,1002.1561529660147,974.8292454431014,1029.9454494999563,-1.7473946040911197e+56
-458210470.345235,1001.8801992248955,960.1147858925406,1029.9454494999563,-1.7473946040911197e+56
-386722018.61912584,1000.4742196587069,974.9887447276095,1029.9454494999563,-1.7473946040911197e+56
796.6024515356032,993.9420103202771,953.9759891079906,1029.9454494999563,-1.7473946040911197e+56
-219874982.73454255,989.8965589823367,926.0811943162809,1029.9454494999563,-1.7473946040911197e+56
-8558780.844836991,993.672950918372,933.5364150234616,1029.9454494999563,-1.7473946040911197e+56
-2057805618.5957322,998.4296474458694,968.5954622676658,1029.9454494999563,-1.7473946040911197e+56
668.6963878229388,992.8347744766459,601.2734641204876,1029.9454494999563,-1.7473946040911197e+56
-963688202.5518303,998.7781374300454,949.3486582018807,1029.9454494999563,-1.7473946040911197e+56
-435576698.8957605,998.9998345464062,963.3491945202255,1029.9454494999563,-1.7473946040911197e+56
743.5347013197885,993.848726407585,925.2120690519516,1029.9454494999563,-1.7473946040911197e+56
-280926206.6247913,992.1789280500053,459.66106163982874,1029.9454494999563,-1.7473946040911197e+56
-1418641634.186065,992.5527965951086,969.3118926201171,1029.9454494999563,-1.7473946040911197e+56
-611669053.2706499,1004.5360536323105,797.3006250788377,1029.9454494999563,-1.7473946040911197e+56
-1486391342.2325094,1001.7614499264181,972.954557144068,1029.9454494999563,-1.7473946040911197e+56
-485096604.24871427,989.7832646237034,714.101054506268,1029.9454494999563,-1.7473946040911197e+56
649.2137036139976,989.8788013373803,679.5237561433712,1029.9454494999563,-1.7473946040911197e+56
-2270126704.5067444,990.4352580150429,925.9109928224576,1029.9454494999563,-1.7473946040911197e+56
742.7450759458892,1005.3477649448382,979.256636993957,1029.9454494999563,-1.7473946040911197e+56
657.5337712331101,994.8233720467533,635.586974577811,1029.9454494999563,-1.7473946040911197e+56
-857456927.0893204,1006.7066294113445,967.3332864593539,1029.9454494999563,-1.7473946040911197e+56
-142622528.70465448,995.77588402865,975.5870928603538,1029.9454494999563,-1.7473946040911197e+56
789.0795083267703,993.698172356893,973.4129235457755,1029.9454494999563,-1.7473946040911197e+56
-165520151.37078655,991.765067264576,768.1665384323218,1029.9454494999563,-1.7473946040911197e+56
-271520116.4185202,1004.0877633297605,403.05232265279045,1029.9454494999563,-1.7473946040911197e+56
559.6379908959057,1004.1689654929132,406.11466895720827,1029.9454494999563,-1.7473946040911197e+56
642.4410295387625,993.2259557344862,482.3297913520117,1029.9454494999563,-1.7473946040911197e+56
-976768043.9127558,986.8780407958188,961.2797674506658,1029.9454494999563,-1.7473946040911197e+56
-714955379.7973014,993.1080637689449,975.5326995739026,1029.9454494999563,-1.7473946040911197e+56
-938924237.7555041,998.44290318715,920.9207086920214,1029.9454494999563,-1.7473946040911197e+56
-5587020873.500113,999.29929345122,966.711527153059,1029.9454494999563,-1.7473946040911197e+56
-168119579.78415394,1003.7004009073771,963.638372569418,1029.9454494999563,-1.7473946040911197e+56
-433252838.2432682,1006.7648060486387,970.2362267816683,1029.9454494999563,-1.7473946040911197e+56
831.6246763292271,994.6870326512966,982.3672981064285,1029.9454494999563,-1.7473946040911197e+56
-364307225.7984432,999.6111511490913,938.2366652095803,1029.9454494999563,-1.7473946040911197e+56
-27063114.306731027,995.3338835149272,730.1234998539071,1029.9454494999563,-1.7473946040911197e+56
-960058505.5488147,1006.2337053194069,962.2382055791772,1029.9454494999563,-1.7473946040911197e+56
-2649039978.611896,995.131138218406,965.0409526922556,1029.9454494999563,-1.7473946040911197e+56
-391296232.7752407,1014.9921028174532,968.299660026794,1029.9454494999563,-1.7473946040911197e+56
-2866932012.30953,1000.5874250113028,955.6062064684467,1029.9454494999563,-1.7473946040911197e+56
-4862162017.591702,995.3813680296007,561.9194771502501,1029.9454494999563,-1.7473946040911197e+56
-748791011.3271532,987.4466987755311,950.0074701586883,1029.9454494999563,-1.7473946040911197e+56
-76577053.0936697,989.7515129817813,367.2078737759219,1029.9454494999563,-1.7473946040911197e+56
-57265220.56183015,992.6059596394202,458.070171720155,1029.9454494999563,-1.7473946040911197e+56
-201051968.5728905,986.3799100804715,500.45159622355266,1029.9454494999563,-1.7473946040911197e+56
731.1618773151977,992.2336014933543,747.0427551090269,1029.9454494999563,-1.7473946040911197e+56
-1090327854.443163,998.1763964516692,736.3486215426183,1029.9454494999563,-1.7473946040911197e+56
-5568617195.194533,992.0770373068129,692.1883620962385,1029.9454494999563,-1.7473946040911197e+56
-2226987580.348523,1011.9769588583665,428.348091167422,1029.9454494999563,-1.7473946040911197e+56
-684687690.2161987,997.8664007612356,608.6635806927995,1029.9454494999563,-1.7473946040911197e+56
617.6250083007957,1002.9699966104014,591.1240401342195,1029.9454494999563,-1.7473946040911197e+56
-2315071042.468098,990.0552662941639,712.6054153365806,1029.9454494999563,-1.7473946040911197e+56
699.1582839612518,993.763508533195,835.9464783067353,1029.9454494999563,-1.7473946040911197e+56
799.7079762415234,993.0106520758023,955.3406914833105,1029.9454494999563,-1.7473946040911197e+56
-2570106051.1326876,1000.2107249937219,976.2766844597032,1029.9454494999563,-1.7473946040911197e+56
-830293032.438152,1000.4462272139704,966.2225525052104,1029.9454494999563,-1.7473946040911197e+56
780.131047128116,1022.0894629060423,962.6743767987083,1029.9454494999563,-1.7473946040911197e+56
-758898768.7976978,993.7969600965656,855.0104492487209,1029.9454494999563,-1.7473946040911197e+56
-9666844858.766146,997.8187430349245,473.6602444051495,1029.9454494999563,-1.7473946040911197e+56
-2405786992.787313,981.4522167322667,780.1888616420396,1029.9454494999563,-1.7473946040911197e+56
-4692041711.567377,992.983558516529,657.7112964232574,1029.9454494999563,-1.7473946040911197e+56
-2959038622.160951,997.3123986327566,468.9030490329981,1029.9454494999563,-1.7473946040911197e+56
-3384770438.4827614,1017.8201617387986,958.710230726147,1029.9454494999563,-1.7473946040911197e+56
-7354137012.322368,988.3977317119696,952.3353658662979,1029.9454494999563,-1.7473946040911197e+56
-32312361.124059085,994.492686962083,612.4104201626208,1029.9454494999563,-1.7473946040911197e+56
-932832153.6974132,994.5603650400633,895.8645843865004,1029.9454494999563,-1.7473946040911197e+56
-1130202035.1620214,1002.4314821411134,479.64550259440006,1029.9454494999563,-1.7473946040911197e+56
-268503951.12170583,996.8273715491395,590.4694503511208,1029.9454494999563,-1.7473946040911197e+56
717.0262151932247,1007.9176689714914,761.2047879871197,1029.9454494999563,-1.7473946040911197e+56
-2415779599.156802,1001.4900934528345,514.6099104987862,1029.9454494999563,-1.7473946040911197e+56
702.339976931598,1000.4002152514228,966.6005391512177,1029.9454494999563,-1.7473946040911197e+56
694.2278525053287,997.8101299145895,970.0156161358191,1029.9454494999563,-1.7473946040911197e+56
-1598662771.8313558,1007.2070655636642,356.5128689957075,1029.9454494999563,-1.7473946040911197e+56
-2347317750.449647,995.9343455191417,561.2193106630948,1029.9454494999563,-1.7473946040911197e+56
-2179191201.216246,1008.9554760710504,961.4495619193992,1029.9454494999563,-1.7473946040911197e+56
-567530674.902513,1001.7319575100385,965.4181074373578,1029.9454494999563,-1.7473946040911197e+56
676.224484495104,1003.0684211361821,966.7374134158367,1029.9454494999563,-1.7473946040911197e+56
-2740361663.2225347,985.0961064520737,395.0677306655492,1029.9454494999563,-1.7473946040911197e+56
-4501547523.094339,1009.5315751709328,976.557759849175,1029.9454494999563,-1.7473946040911197e+56
-3161053319.68159,993.1653030347226,603.9705427698733,1029.9454494999563,-1.7473946040911197e+56
-17792767943.111313,1009.6166763892892,774.3500309511794,1029.9454494999563,-1.7473946040911197e+56
-2569942098.542252,998.406101377968,638.5534882094272,1029.9454494999563,-1.7473946040911197e+56
-3431515203.215958,990.809240914912,481.0482025734075,1029.9454494999563,-1.7473946040911197e+56
770.9814299933107,996.4016548625382,967.0550765101362,1029.9454494999563,-1.7473946040911197e+56
-12635793555.996126,1003.5958913692579,976.5358935320012,1029.9454494999563,-1.7473946040911197e+56
-231442655.7530554,993.7147556829785,525.3767856657319,1029.9454494999563,-1.7473946040911197e+56
-3940261394.2117066,992.2719644273025,461.7020379358645,1029.9454494999563,-1.7473946040911197e+56
-901318548.5314716,996.4835560900987,659.4479854707372,1029.9454494999563,-1.7473946040911197e+56
-6185000978.659183,996.6447579367313,410.0864096338892,1029.9454494999563,-1.7473946040911197e+56
-1881172014.5414846,994.3145248112485,824.6566172425548,1029.9454494999563,-1.7473946040911197e+56
615.0036667630018,1002.8989240421625,467.1326166404396,1029.9454494999563,-1.7473946040911197e+56
734.8159259821397,1003.0328977696516,977.1449930286441,1029.9454494999563,-1.7473946040911197e+56
-588317528.9218762,995.1831480985755,604.8684258720592,1029.9454494999563,-1.7473946040911197e+56
738.3386523500311,997.6158167181285,964.280622401207,1029.9454494999563,-1.7473946040911197e+56
-418445448.55444086,996.1945066656231,762.1958894005568,1029.9454494999563,-1.7473946040911197e+56
777.8147231483935,993.1039942375745,970.283072286028,1029.9454494999563,-1.7473946040911197e+56
-3322864337.73538,996.535501800147,982.741859529202,1029.9454494999563,-1.7473946040911197e+56
-7909426000.581103,1005.7543331377391,978.7288972224707,1029.9454494999563,-1.7473946040911197e+56
-5919306706.308073,1020.9341095734303,561.212591249592,1029.9454494999563,-1.7473946040911197e+56
-11949859853.611053,989.3057761029308,603.3847906065374,1029.9454494999563,-1.7473946040911197e+56
-3012907219.030288,1001.7146697078816,557.6044112930878,1029.9454494999563,-1.7473946040911197e+56
-3007326415.610552,993.652877074117,726.7544308748915,1029.9454494999563,-1.7473946040911197e+56
-2162812268.0539656,998.5775097288418,440.9650625694985,1029.9454494999563,-1.7473946040911197e+56
-1941439271.0541635,1002.2706626075883,548.3111272344778,1029.9454494999563,-1.7473946040911197e+56
-875968902.8321911,1013.1625406208713,614.9572642740693,1029.9454494999563,-1.7473946040911197e+56
-1281071305.5737717,997.9472254469243,958.7494014299592,1029.9454494999563,-1.7473946040911197e+56
506.25052646745013,996.2646942533299,457.2493442393981,1029.9454494999563,-1.7473946040911197e+56
-16416316561.243847,996.679872255446,436.331348386413,1029.9454494999563,-1.7473946040911197e+56
656.1601422751734,1010.3825342231598,619.7576698212089,1029.9454494999563,-1.7473946040911197e+56
-6881955456.548967,1026.4498621444845,551.2361685976346,1029.9454494999563,-1.7473946040911197e+56
-16437861025.339415,1007.5129060729162,500.16115766477515,1029.9454494999563,-1.7473946040911197e+56
-21697808616.51574,1009.9537541561916,626.2551081278604,1029.9454494999563,-1.7473946040911197e+56
-21004474515.62652,1001.4576681250649,981.0997950092978,1029.9454494999563,-1.7473946040911197e+56
-41078271557.59469,998.5142263969379,855.902394952799,1029.9454494999563,-1.7473946040911197e+56
-42689474605.230354,1007.467992418445,384.1694956560622,1029.9454494999563,-1.7473946040911197e+56
-27754637303.055172,994.9846848524005,443.12517085442613,1029.9454494999563,-1.7473946040911197e+56
-6669193468.354281,1006.4022660934814,702.9675170501692,1029.9454494999563,-1.7473946040911197e+56
-8142053666.3639345,1005.5638689758774,897.5667415100145,1029.9454494999563,-1.7473946040911197e+56
-20109020245.513756,1004.816705067295,984.115374427987,1029.9454494999563,-1.7473946040911197e+56
-7963544188.1135025,993.9601380279205,849.8649697682306,1029.9454494999563,-1.7473946040911197e+56
-56348286111.42982,998.8045787622893,538.4800411238159,1029.9454494999563,-1.7473946040911197e+56
-23887354362.13429,994.9560681094957,565.8760749017795,1029.9454494999563,-1.7473946040911197e+56
-33660387231.84627,1001.2945513869178,489.59869787854234,1029.9454494999563,-1.7473946040911197e+56
-46806935171.73669,1001.4367951833278,980.3925406536405,1029.9454494999563,-1.7473946040911197e+56
-24708763481.092716,996.3610936068407,742.4162457158129,1029.9454494999563,-1.7473946040911197e+56
-41163193234.76747,993.8331737935584,964.1886671263541,1029.9454494999563,-1.7473946040911197e+56
723.0757761520423,995.3261340953902,826.0897764518986,1029.9454494999563,-1.7473946040911197e+56
-25056868715.325428,996.5314076840481,978.0802844521423,1029.9454494999563,-1.7473946040911197e+56
-5599723874.642599,1022.9108627260881,778.1992236876471,1029.9454494999563,-1.7473946040911197e+56
-30543716447.088936,998.8635611751163,967.744468506322,1029.9454494999563,-1.7473946040911197e+56
770.1212548685613,1000.456309715627,973.9937265908893,1029.9454494999563,-1.7473946040911197e+56
-38421777915.47055,995.1680259354325,972.7920685097986,1029.9454494999563,-1.7473946040911197e+56
-76399280887.5828,1007.9749703258354,977.3556977767034,1029.9454494999563,-1.7473946040911197e+56
-29850600035.75086,998.5933069130547,624.0925276578233,1029.9454494999563,-1.7473946040911197e+56
-132248751148.50853,1008.6913187260907,952.1471382865651,1029.9454494999563,-1.7473946040911197e+56
-57070510482.208084,1000.9216495568556,978.1316349398109,1029.9454494999563,-1.7473946040911197e+56
-35737977849.33506,998.8167557642593,959.7858245031501,1029.9454494999563,-1.7473946040911197e+56
-4314987246.405732,1000.981583279124,979.2030203471667,1029.9454494999563,-1.7473946040911197e+56
-174738843054.07043,1007.0515725977982,371.5268797638425,1029.9454494999563,-1.7473946040911197e+56
-6475970376.483182,997.1483178826566,638.4458465188355,1029.9454494999563,-1.7473946040911197e+56
-33724435074.51065,1019.0820488578635,948.9170681767883,1029.9454494999563,-1.7473946040911197e+56
895.9103885993745,1000.2317497957578,977.5248064737387,1029.9454494999563,-1.7473946040911197e+56
-32390413727.088432,1004.1078756598727,988.294552293697,1029.9454494999563,-1.7473946040911197e+56
-50475545970.51342,1001.2152489296981,980.4463301146518,1029.9454494999563,-1.7473946040911197e+56
-3386948574.6268144,1006.7673000844876,711.3384005728248,1029.9454494999563,-1.7473946040911197e+56
624.7032436382741,997.9095938692877,517.6033885729483,1029.9454494999563,-1.7473946040911197e+56
848.5496378132485,1007.4630565030523,980.0601767769458,1029.9454494999563,-1.7473946040911197e+56
871.4446283082976,1001.0563975790105,987.2347415558676,1029.9454494999563,-1.7473946040911197e+56
-5411011761.238404,993.9935602024741,979.8067466901423,1029.9454494999563,-1.7473946040911197e+56
-54221406617.29057,994.7341657130239,917.6422392633646,1029.9454494999563,-1.7473946040911197e+56
702.0202429204568,995.9767580699049,962.5701148619356,1029.9454494999563,-1.7473946040911197e+56
750.0589744004081,997.6500931321876,979.5758504921998,1029.9454494999563,-1.7473946040911197e+56
734.7495325817362,989.9809365190055,963.6450243616812,1029.9454494999563,-1.7473946040911197e+56
-11783273388.60993,991.4875470239939,962.8116987575715,1029.9454494999563,-1.7473946040911197e+56
712.6737062223406,988.4994309554645,838.7304207566931,1029.9454494999563,-1.7473946040911197e+56
-13594058765.636738,995.2895970612846,879.1821859877895,1029.9454494999563,-1.7473946040911197e+56
-17469347841.684113,1002.8241999965553,964.9532680573262,1029.9454494999563,-1.7473946040911197e+56
762.6067473874319,993.3499075102534,968.91032771161,1029.9454494999563,-1.7473946040911197e+56
-52177375763.12058,1009.7083992007896,412.7564660159444,1029.9454494999563,-1.7473946040911197e+56
-30693896346.641373,985.940254953983,349.0310986985165,1029.9454494999563,-1.7473946040911197e+56
-8300663049.4409275,990.1185309575026,487.76097519285867,1029.9454494999563,-1.7473946040911197e+56
-4400162464.322699,993.1337414555435,670.3305605206797,1029.9454494999563,-1.7473946040911197e+56
-26485808671.323082,1011.042526119213,786.5846812694562,1029.9454494999563,-1.7473946040911197e+56
-253117414077.6765,1002.1886699159941,441.1331065352638,1029.9454494999563,-1.7473946040911197e+56
931.0969639106193,1019.8574394178464,978.3650896570438,1029.9454494999563,-1.7473946040911197e+56
791.7037380075509,1000.7962368670406,975.7761662741773,1029.9454494999563,-1.7473946040911197e+56
815.3539060705341,998.1783632738802,968.8903667328271,1029.9454494999563,-1.7473946040911197e+56
-54944842506.54131,999.5452681969297,475.1702862165994,1029.9454494999563,-1.7473946040911197e+56
-385137950100.79877,1001.9190893764527,350.95789990997343,1029.9454494999563,-1.7473946040911197e+56
-70110547239.08487,1008.5060271026103,979.5775388572546,1029.9454494999563,-1.7473946040911197e+56
-239181176462.8931,1015.2283619341733,871.0460765557257,1029.9454494999563,-1.7473946040911197e+56
853.4373618878017,996.802697447446,972.6337938353004,1029.9454494999563,-1.7473946040911197e+56
-61689067691.43872,1000.8838067023286,974.8871386182325,1029.9454494999563,-1.7473946040911197e+56
-54969088846.24713,996.2751697382306,716.3884171731951,1029.9454494999563,-1.7473946040911197e+56
-16474380194.763699,997.6439643992026,960.1024685043544,1029.9454494999563,-1.7473946040911197e+56
-67540600325.44214,999.5211433898895,965.3904349786279,1029.9454494999563,-1.7473946040911197e+56
-45333340143.65082,1013.5718341987209,968.4542362640431,1029.9454494999563,-1.7473946040911197e+56
937.6618319473488,993.8460558997295,974.2861895219204,1029.9454494999563,-1.7473946040911197e+56
927.5065067341401,994.1867441083865,980.271443592102,1029.9454494999563,-1.7473946040911197e+56
-96831198497.30247,1000.2982052409695,973.3397017960692,1029.9454494999563,-1.7473946040911197e+56
788.6740663582879,1008.9822761705553,973.59145354937,1029.9454494999563,-1.7473946040911197e+56
-4032307092.948976,1007.3020102418701,962.1526513169752,1029.9454494999563,-1.7473946040911197e+56
847.9993903886137,1004.6576320516298,972.3983414662122,1029.9454494999563,-1.7473946040911197e+56
-7020266143.019256,994.7704303786063,959.1116583163637,1029.9454494999563,-1.7473946040911197e+56
708.6743481205776,991.7240098102184,952.3623648431419,1029.9454494999563,-1.7473946040911197e+56
807.5606362083889,989.7219992173989,972.880155957972,1029.9454494999563,-1.7473946040911197e+56
787.4278046614058,1003.1834980473617,984.8962372485504,1029.9454494999563,-1.7473946040911197e+56
-7443195624.57529,1013.1650461301647,952.5176797230041,1029.9454494999563,-1.7473946040911197e+56
-5469384413.437262,994.0469440827759,938.2580227206325,1029.9454494999563,-1.7473946040911197e+56
-4230245002098.5483,996.7282484093455,980.00298107303,1029.9454494999563,-1.7473946040911197e+56
-17605809416.714417,998.8359855644354,962.783445966888,1029.9454494999563,-1.7473946040911197e+56
-119297037424.17047,996.264271411299,975.7945010652467,1029.9454494999563,-1.7473946040911197e+56
-177394492589.40796,1019.7158425981047,364.35483175748504,1029.9454494999563,-1.7473946040911197e+56
-4926329932998.621,1009.8303138976007,656.0015108773218,1029.9454494999563,-1.7473946040911197e+56
-101430379483.461,1003.9030758667049,427.56379082024483,1029.9454494999563,-1.7473946040911197e+56
-543884945599.1042,997.5102895308189,627.4477936599601,1029.9454494999563,-1.7473946040911197e+56
-173671038675.6261,997.5784797616119,984.2974474138906,1029.9454494999563,-1.7473946040911197e+56
815.1455942752776,995.9966846761565,980.5148527252189,1029.9454494999563,-1.7473946040911197e+56
-605218155105.9567,991.7853514454008,361.70442674800444,1029.9454494999563,-1.7473946040911197e+56
609.6412078373103,992.637910426242,451.25446405190735,1029.9454494999563,-1.7473946040911197e+56
-145981919853.75143,1001.5051309731915,830.4153549788947,1029.9454494999563,-1.7473946040911197e+56
-593054084669.3815,1003.8922879794652,531.8854202628838,1029.9454494999563,-1.7473946040911197e+56
-1781754101224.507,999.1775830480917,372.1344274997959,1029.9454494999563,-1.7473946040911197e+56
742.997340776477,994.4394556618118,944.1181198556753,1029.9454494999563,-1.7473946040911197e+56
-359138316717.51654,1009.5893657012322,977.0266035316603,1029.9454494999563,-1.7473946040911197e+56
733.666179121056,999.0693524980371,972.9421875754966,1029.9454494999563,-1.7473946040911197e+56
785.9577511986427,1002.1488670551419,975.3843280477641,1029.9454494999563,-1.7473946040911197e+56
-248515005458.0374,1003.2386359760363,491.62068588094223,1029.9454494999563,-1.7473946040911197e+56
-509516182407.30194,996.9715201962135,633.6764109778638,1029.9454494999563,-1.7473946040911197e+56
-216890066112.35333,993.7194082155291,396.68241864653584,1029.9454494999563,-1.7473946040911197e+56
-25689032162.605495,1004.4938504211083,978.012157325422,1029.9454494999563,-1.7473946040911197e+56
-211565847416.0269,994.1685575028979,411.7561182781321,1029.9454494999563,-1.7473946040911197e+56
-60917185957.51701,998.3505222024572,977.0664432454367,1029.9454494999563,-1.7473946040911197e+56
697.7189400176798,1001.3298232402842,944.5546065710527,1029.9454494999563,-1.7473946040911197e+56
641.8159731143222,988.6307124492777,487.7503715292862,1029.9454494999563,-1.7473946040911197e+56
-91802101310.87512,991.7079750277201,941.8383575985688,1029.9454494999563,-1.7473946040911197e+56
871.2609644751175,1004.7768157055912,974.5310884720202,1029.9454494999563,-1.7473946040911197e+56
-19498756409.768734,995.585148276269,980.2778991763531,1029.9454494999563,-1.7473946040911197e+56
829.0571426170758,1007.8161362594711,972.7170536482207,1029.9454494999563,-1.7473946040911197e+56
817.8762703977005,994.1755673351357,962.2621597384251,1029.9454494999563,-1.7473946040911197e+56
801.9898353767966,999.2573229859182,951.6603494210398,1029.9454494999563,-1.7473946040911197e+56
798.1044334497011,992.2378642028395,945.0320652911604,1029.9454494999563,-1.7473946040911197e+56
-87617236009.11707,997.1737961596003,746.2823929978236,1029.9454494999563,-1.7473946040911197e+56
661.9119669576849,1000.6957261382648,565.8443475703035,1029.9454494999563,-1.7473946040911197e+56
735.0882636527987,1000.5023210806984,959.413059139007,1029.9454494999563,-1.7473946040911197e+56
-13804249837.094559,996.925407821842,946.9388657595443,1029.9454494999563,-1.7473946040911197e+56
-44843239823.171646,996.351925285878,923.4527493285244,1029.9454494999563,-1.7473946040911197e+56
-225165965547.2752,999.0210607852907,572.1926670114852,1029.9454494999563,-1.7473946040911197e+56
-1581440073946.296,999.8404811801403,480.6428548162972,1029.9454494999563,-1.7473946040911197e+56
-1198278316949.752,997.5434546979121,963.5230914931018,1029.9454494999563,-1.7473946040911197e+56
-1869668161309.1624,999.6801963417773,534.3597400701365,1029.9454494999563,-1.7473946040911197e+56
-229315741185.15567,1001.0818895724733,945.7979720611687,1029.9454494999563,-1.7473946040911197e+56
-167409381449.68353,994.2760382185784,940.3569698070095,1029.9454494999563,-1.7473946040911197e+56
-155199487643.17096,994.0581071524582,937.5945853432326,1029.9454494999563,-1.7473946040911197e+56
-3289297046039.0083,998.2966635781341,965.0582166302744,1029.9454494999563,-1.7473946040911197e+56
-1015756926177.9363,1004.2415725905335,972.7553858838291,1029.9454494999563,-1.7473946040911197e+56
-563489550565.5455,1014.5271935135843,964.5465295267228,1029.9454494999563,-1.7473946040911197e+56
-152173935368.3638,995.2006589876498,969.9229393267826,1029.9454494999563,-1.7473946040911197e+56
670.7623096253209,995.2955845036878,638.2365787313039,1029.9454494999563,-1.7473946040911197e+56
-751653902306.7465,995.9349310126893,939.3315045911071,1029.9454494999563,-1.7473946040911197e+56
-1618243419941.695,993.5746811888796,357.94298701499605,1029.9454494999563,-1.7473946040911197e+56
-390801366410.8491,995.6763530093025,973.0305406438632,1029.9454494999563,-1.7473946040911197e+56
-42683429542.22866,1013.6675531973034,970.8430796155792,1029.9454494999563,-1.7473946040911197e+56
-554008363367.511,991.4171075359476,946.3709631257103,1029.9454494999563,-1.7473946040911197e+56
-3116095643459.2876,985.5026573551062,525.9180931555275,1029.9454494999563,-1.7473946040911197e+56
-290836792597.27563,992.3277944861121,351.758640137411,1029.9454494999563,-1.7473946040911197e+56
-42686318700.72917,1001.2418292040599,966.6097517305207,1029.9454494999563,-1.7473946040911197e+56
-881218409042.6644,1008.594791510087,975.5800014815504,1029.9454494999563,-1.7473946040911197e+56
-455585336144.349,995.5457915098038,969.941375942359,1029.9454494999563,-1.7473946040911197e+56
622.370356906225,995.2968860549834,510.62749484736173,1029.9454494999563,-1.7473946040911197e+56
-35222264651.411,997.2043051797515,526.6339978713149,1029.9454494999563,-1.7473946040911197e+56
-319421777618.3177,996.4314282356071,382.98778045153534,1029.9454494999563,-1.7473946040911197e+56
711.4425492218137,1004.2294619112257,972.8110662708184,1029.9454494999563,-1.7473946040911197e+56
678.6328281500582,997.6703264763995,565.7180181411536,1029.9454494999563,-1.7473946040911197e+56
-1969079492.5741427,1004.9988103172124,965.0484600287184,1029.9454494999563,-1.7473946040911197e+56
-1052463753433.6193,987.074359897737,688.2832624105707,1029.9454494999563,-1.7473946040911197e+56
-1456054610931.8157,991.529353060023,912.5163095298433,1029.9454494999563,-1.7473946040911197e+56
-2439873567243.2505,987.7190570675164,590.0323572693021,1029.9454494999563,-1.7473946040911197e+56
-92658684558.10732,998.8408232018146,972.9917594927729,1029.9454494999563,-1.7473946040911197e+56
721.5367744308985,1004.7819926121832,960.3973497535301,1029.9454494999563,-1.7473946040911197e+56
-2338764433668.326,1006.3949996806865,978.983076797155,1029.9454494999563,-1.7473946040911197e+56
-10969457064261.355,994.3492024553423,350.99392755258623,1029.9454494999563,-1.7473946040911197e+56
-2794898451081.8677,981.614916530713,742.6630206139308,1029.9454494999563,-1.7473946040911197e+56
-3060101444328.8354,981.8715052595975,725.9741746801706,1029.9454494999563,-1.7473946040911197e+56
-1894854036194.989,996.4685701271316,973.6561334559414,1029.9454494999563,-1.7473946040911197e+56
-2363459426022.349,981.2153811414918,959.0402046263999,1029.9454494999563,-1.7473946040911197e+56
838.6561296979704,998.4119350378919,972.4722284820679,1029.9454494999563,-1.7473946040911197e+56
-121968907436.15987,983.3070786749005,608.2543033127622,1029.9454494999563,-1.7473946040911197e+56
-162219535360.58487,987.294319983541,911.3433204452859,1029.9454494999563,-1.7473946040911197e+56
-3542018019664.8687,983.828289841293,356.5669354308983,1029.9454494999563,-1.7473946040911197e+56
-2473969223433.9683,987.4764729077249,698.0448891044855,1029.9454494999563,-1.7473946040911197e+56
-6005343030545.43,989.322145180495,966.8312665990558,1029.9454494999563,-1.7473946040911197e+56
666.9950960482366,987.4806608094241,554.1334132347423,1029.9454494999563,-1.7473946040911197e+56
-134832444022.61003,977.6898688628435,954.0416441485249,1029.9454494999563,-1.7473946040911197e+56
-1929629644857.0667,979.5670645520189,920.001063387164,1029.9454494999563,-1.7473946040911197e+56
-365884156306.81287,985.8838261085468,682.5681743335592,1029.9454494999563,-1.7473946040911197e+56
-280001517905.23474,999.613364840514,966.0524282363592,1029.9454494999563,-1.7473946040911197e+56
-392283158046.2223,995.8922334306886,940.7532562112431,1029.9454494999563,-1.7473946040911197e+56
-744801260975.467,1001.733871413333,971.7939917673137,1029.9454494999563,-1.7473946040911197e+56
-507763313493.93085,983.9057574586276,440.8773779054853,1029.9454494999563,-1.7473946040911197e+56
-1120390412923.6062,980.2202300274586,944.287628279192,1029.9454494999563,-1.7473946040911197e+56
-692903671324.9878,987.3649712495738,347.17444433621904,1029.9454494999563,-1.7473946040911197e+56
750.8806411535362,999.8228649609882,956.4657380090521,1029.9454494999563,-1.7473946040911197e+56
-548903732665.1063,998.6876999854863,969.1632899785315,1029.9454494999563,-1.7473946040911197e+56
-2504243142974.2095,999.2423268134771,933.0236613313284,1029.9454494999563,-1.7473946040911197e+56
-813879214056.7861,983.550027258236,967.3479915016711,1029.9454494999563,-1.7473946040911197e+56
-351873115964.9926,989.3753052425701,942.1606377611378,1029.9454494999563,-1.7473946040911197e+56
-147767311430.24185,982.8439320183295,548.7191392979761,1029.9454494999563,-1.7473946040911197e+56
-1126158502794.4739,995.9131591668357,950.1296296307271,1029.9454494999563,-1.7473946040911197e+56
-55399661403.91903,995.7945766989851,962.7017969954744,1029.9454494999563,-1.7473946040911197e+56
-6191730164226.193,998.6556183014775,494.5932825897996,1029.9454494999563,-1.7473946040911197e+56
-523414792464.4998,992.7499537227372,333.2046600018049,1029.9454494999563,-1.7473946040911197e+56
-249794875952.57434,988.105846130337,453.30832741773634,1029.9454494999563,-1.7473946040911197e+56
-872017778443.7054,986.0387417318257,946.2533597686047,1029.9454494999563,-1.7473946040911197e+56
860.2767022600055,1004.8453410376695,984.1460774693237,1029.9454494999563,-1.7473946040911197e+56
-381689450018.4443,987.4753584633273,415.07858918945385,1029.9454494999563,-1.7473946040911197e+56
-1222669830045.3618,999.2781218894821,551.4580820728416,1029.9454494999563,-1.7473946040911197e+56
913.4713403870139,993.7354985940095,976.197429436291,1029.9454494999563,-1.7473946040911197e+56
-2045923808752.511,993.3159786598585,952.7847294450639,1029.9454494999563,-1.7473946040911197e+56
-347961381359.8307,990.5029744443151,928.6332520243222,1029.9454494999563,-1.7473946040911197e+56
-9912858658863.176,1000.137883067376,980.2633317844625,1029.9454494999563,-1.7473946040911197e+56
-124378678446.70828,1002.4685374600798,965.9951877547693,1029.9454494999563,-1.7473946040911197e+56
-56081079117.6868,993.1377195776637,428.3309917801197,1029.9454494999563,-1.7473946040911197e+56
835.5114238140067,1003.8966954090936,973.0546061367262,1029.9454494999563,-1.7473946040911197e+56
886.2696157379977,993.5229405628754,955.076013948387,1029.9454494999563,-1.7473946040911197e+56
-1428755203644.9573,998.0271086425336,979.508268134698,1029.9454494999563,-1.7473946040911197e+56
-17353232612863.139,1013.0374656722994,436.88230906498745,1029.9454494999563,-1.7473946040911197e+56
-13319613398159.25,1005.4933139705371,474.025562364472,1029.9454494999563,-1.7473946040911197e+56
-9503384095396.172,1000.3512078145275,357.2308439101421,1029.9454494999563,-1.7473946040911197e+56
-5442036291509.807,1008.1818153074768,943.8130677669442,1029.9454494999563,-1.7473946040911197e+56
-626346218952.8146,989.0375313299262,940.6877247883407,1029.9454494999563,-1.7473946040911197e+56
772.5621689773162,983.0148874052052,952.2693744647474,1029.9454494999563,-1.7473946040911197e+56
739.2578479846591,994.7984609481524,964.0201156431319,1029.9454494999563,-1.7473946040911197e+56
706.8026777004637,996.2162050056198,974.4203201535031,1029.9454494999563,-1.7473946040911197e+56
749.8735984138883,996.063082439664,960.3941679237291,1029.9454494999563,-1.7473946040911197e+56
-487394286871.64685,1033.12332633309,946.2719088127958,1033.12332633309,-1.7473946040911197e+56
816.1852189121862,988.1714876986645,952.7811726091978,1033.12332633309,-1.7473946040911197e+56
-589994882215.5491,988.2556716966562,933.6065344929972,1033.12332633309,-1.7473946040911197e+56
-2347674881206.9863,993.027079216495,721.4513302436338,1033.12332633309,-1.7473946040911197e+56
746.1772588955189,996.8456729784652,972.8530338689059,1033.12332633309,-1.7473946040911197e+56
-1305714172719.3442,1011.5065660735653,579.6262330350917,1033.12332633309,-1.7473946040911197e+56
871.7128437138941,1019.4704329394968,938.4796677806661,1033.12332633309,-1.7473946040911197e+56
-24739557036293.418,997.3372702753868,964.4807030382165,1033.12332633309,-1.7473946040911197e+56
-42642124795119.38,996.6672198609975,741.378167894634,1033.12332633309,-1.7473946040911197e+56
-13594221819585.646,994.1278436537383,969.3926786093928,1033.12332633309,-1.7473946040911197e+56
-616610007127.303,998.5588040850639,973.6421292792348,1033.12332633309,-1.7473946040911197e+56
-2083463698035.0623,1005.858130234153,974.7286563904386,1033.12332633309,-1.7473946040911197e+56
728.9662266417007,997.1436326051215,849.857611677397,1033.12332633309,-1.7473946040911197e+56
-1671224296664.7327,995.602950064444,529.1184787672153,1033.12332633309,-1.7473946040911197e+56
-3059958966948.9897,990.982170121778,636.1555828119339,1033.12332633309,-1.7473946040911197e+56
-18031495687530.113,1005.0471181301612,630.2787975405226,1033.12332633309,-1.7473946040911197e+56
-9529002815117.205,1001.3673565785768,366.20852507723566,1033.12332633309,-1.7473946040911197e+56
-13957093431060.723,999.8761959906724,774.4519877194786,1033.12332633309,-1.7473946040911197e+56
-24982505033551.15,999.718709804393,768.8741869918058,1033.12332633309,-1.7473946040911197e+56
-6356573234339.452,984.5479745058678,946.1997149361606,1033.12332633309,-1.7473946040911197e+56
744.3978020744811,993.7671290973639,953.3559540298464,1033.12332633309,-1.7473946040911197e+56
686.1643460945969,1005.2630818430417,718.1101638718924,1033.12332633309,-1.7473946040911197e+56
-5742106839880.39,997.1052816158738,384.1613241475259,1033.12332633309,-1.7473946040911197e+56
756.6565048375335,1000.8358035147759,952.983688340166,1033.12332633309,-1.7473946040911197e+56
794.2337357232965,1001.6730210270263,945.7895866058409,1033.12332633309,-1.7473946040911197e+56
-4159894897886.941,992.4158765589098,927.7018783160238,1033.12332633309,-1.7473946040911197e+56
-4507292308515.086,1001.3199566098998,717.6985620810051,1033.12332633309,-1.7473946040911197e+56
-25629454418019.074,1001.7276775117571,435.52068452518375,1033.12332633309,-1.7473946040911197e+56
-3558807600682.78,993.2459879218673,494.96283218244963,1033.12332633309,-1.7473946040911197e+56
-25495136061993.082,993.0582596111146,598.0360431009439,1033.12332633309,-1.7473946040911197e+56
-1623406235649.791,991.8115299429069,975.0803435294501,1033.12332633309,-1.7473946040911197e+56
666.6340169602737,982.7662534671855,927.842664594356,1033.12332633309,-1.7473946040911197e+56
870.7185985253227,989.9029708549152,971.7487665594,1033.12332633309,-1.7473946040911197e+56
-9701468461654.453,1009.2590854248717,741.0974679053382,1033.12332633309,-1.7473946040911197e+56
832.9425734063896,994.6305161061493,977.3614472201195,1033.12332633309,-1.7473946040911197e+56
-7084051730598.768,1011.1665460814705,923.301259599763,1033.12332633309,-1.7473946040911197e+56
-13691279254524.963,998.7768088144488,892.3220819484136,1033.12332633309,-1.7473946040911197e+56
-9169744528368.94,1000.8268520572378,941.0946809412864,1033.12332633309,-1.7473946040911197e+56
-8647788502350.7,1004.0089571705299,915.782956406294,1033.12332633309,-1.7473946040911197e+56
-8163142724472.295,991.8861997113057,532.1242509337453,1033.12332633309,-1.7473946040911197e+56
-9605307491631.52,993.3502345343445,819.429742337093,1033.12332633309,-1.7473946040911197e+56
774.7216966037396,1001.14455601454,954.7576030628803,1033.12332633309,-1.7473946040911197e+56
-3894784100514.7974,997.3369206299507,702.0906635827762,1033.12332633309,-1.7473946040911197e+56
-3791553642584.804,1006.3354308915087,966.9559160173615,1033.12332633309,-1.7473946040911197e+56
-20934278631854.95,984.956297415659,702.9570603092181,1033.12332633309,-1.7473946040911197e+56
-1154514516442.9814,998.1665695005593,958.460193035877,1033.12332633309,-1.7473946040911197e+56
-7255499288086.316,997.044468565768,968.7058467454923,1033.12332633309,-1.7473946040911197e+56
-539828301373.88763,998.5631815548458,948.2225657080528,1033.12332633309,-1.7473946040911197e+56
-31950963427823.434,994.7042058439952,934.5924567451888,1033.12332633309,-1.7473946040911197e+56
844.8143336672705,1000.9019093660121,930.5564477186173,1033.12332633309,-1.7473946040911197e+56
-47117305707709.27,984.8819213925179,636.4569755737202,1033.12332633309,-1.7473946040911197e+56
-55968682939011.87,989.1370575320312,932.7572527351762,1033.12332633309,-1.7473946040911197e+56
766.6839254916755,990.3040469407821,954.677266094549,1033.12332633309,-1.7473946040911197e+56
735.1457398447981,995.4451673939706,932.4359168951796,1033.12332633309,-1.7473946040911197e+56
-19042120608015.01,1006.654793261748,950.9230720433238,1033.12332633309,-1.7473946040911197e+56
-2099164882605.642,984.8837826660132,945.4592796713941,1033.12332633309,-1.7473946040911197e+56
-26601733744225.49,978.8956543386939,898.575511029195,1033.12332633309,-1.7473946040911197e+56
-830111070966.0919,995.8663601038953,914.3205381382688,1033.12332633309,-1.7473946040911197e+56
-27095683487644.477,993.0227519470104,944.6062713653743,1033.12332633309,-1.7473946040911197e+56
-6512866097376.416,991.4340294583621,947.6081701992787,1033.12332633309,-1.7473946040911197e+56
-54273338313481.086,991.1164457535735,941.7864188719991,1033.12332633309,-1.7473946040911197e+56
-174638842600213.4,982.1792031549877,687.4389918790581,1033.12332633309,-1.7473946040911197e+56
-129237600816087.95,980.0523116973818,456.04791238027894,1033.12332633309,-1.7473946040911197e+56
-139124174076425.94,998.7793858762951,457.71882479589124,1033.12332633309,-1.7473946040911197e+56
-64797582440987.94,999.9118875724996,741.5064623715015,1033.12332633309,-1.7473946040911197e+56
-132538967105968.1,987.1272453732257,690.1686229321824,1033.12332633309,-1.7473946040911197e+56
-51605947633550.97,983.2569802360986,960.0491512711442,1033.12332633309,-1.7473946040911197e+56
-34204475735983.223,977.0690995325461,894.063147851541,1033.12332633309,-1.7473946040911197e+56
-76062210277194.36,984.659125123046,922.160858084846,1033.12332633309,-1.7473946040911197e+56
-368459973360.5737,990.2527086655076,953.7505595767963,1033.12332633309,-1.7473946040911197e+56
698.4058933957059,997.2051620828175,918.6255084524746,1033.12332633309,-1.7473946040911197e+56
-8906995172549.143,1002.2743477760702,939.5162103651775,1033.12332633309,-1.7473946040911197e+56
-15921974417161.252,987.908950146548,970.7336976340639,1033.12332633309,-1.7473946040911197e+56
-25282239923265.47,992.5121148971779,963.2812190694082,1033.12332633309,-1.7473946040911197e+56
-259310125574.5889,991.7894395953167,972.6322859480208,1033.12332633309,-1.7473946040911197e+56
632.4156891336224,997.2818818540069,432.7857696893985,1033.12332633309,-1.7473946040911197e+56
-3129654234832.1074,993.2219261741867,350.5728685282748,1033.12332633309,-1.7473946040911197e+56
665.916609636032,1006.6240447635367,624.9692793373758,1033.12332633309,-1.7473946040911197e+56
-83515026157596.39,998.8894299133834,971.0537688334216,1033.12332633309,-1.7473946040911197e+56
-156336846754005.38,984.7390829179981,657.6108824662952,1033.12332633309,-1.7473946040911197e+56
756.9608235289666,984.2028956520079,956.9376500630066,1033.12332633309,-1.7473946040911197e+56
-93201453187663.31,992.3352195543938,399.3092659875275,1033.12332633309,-1.7473946040911197e+56
-222247409807502.34,988.6839826044459,960.1382950945743,1033.12332633309,-1.7473946040911197e+56
-57152762113079.664,1003.5563687912742,935.9529565463082,1033.12332633309,-1.7473946040911197e+56
-25007026609361.863,992.4776344126357,959.1706034703251,1033.12332633309,-1.7473946040911197e+56
-126123556162030.67,980.7952008513611,881.6353667273747,1033.12332633309,-1.7473946040911197e+56
-110324693837469.23,974.2203008935365,958.9624963068838,1033.12332633309,-1.7473946040911197e+56
-154091935997159.44,993.2575694845151,964.9294994244408,1033.12332633309,-1.7473946040911197e+56
798.577474057465,992.3753586203703,967.4836820659092,1033.12332633309,-1.7473946040911197e+56
-241088949322112.78,1008.256402782885,959.9723615933426,1033.12332633309,-1.7473946040911197e+56
-14150108899591.752,993.3827374946205,968.0692428739003,1033.12332633309,-1.7473946040911197e+56
889.0188660029883,989.0294636844869,972.3141170797904,1033.12332633309,-1.7473946040911197e+56
-84759484478663.31,994.341517218557,970.4394507934362,1033.12332633309,-1.7473946040911197e+56
-60385993756597.75,1002.68309925031,971.2825300682968,1033.12332633309,-1.7473946040911197e+56
-403830394229738.8,993.0879079165616,654.4163502733938,1033.12332633309,-1.7473946040911197e+56
-165736994300379.8,997.0002897094398,956.2141246918727,1033.12332633309,-1.7473946040911197e+56
-279786497281484.1,984.3169026494667,936.1449035899124,1033.12332633309,-1.7473946040911197e+56
-994512650405565.0,984.171282941581,922.2658153344713,1033.12332633309,-1.7473946040911197e+56
-327564435826923.5,992.5883942981046,924.2541823932215,1033.12332633309,-1.7473946040911197e+56
775.5614359084012,989.7108682906284,963.1239135972354,1033.12332633309,-1.7473946040911197e+56
-291431308192055.4,989.2871605209688,909.9354461287793,1033.12332633309,-1.7473946040911197e+56
-93138258132934.48,986.9310282309947,911.2308789321844,1033.12332633309,-1.7473946040911197e+56
-103127006125131.9,988.5857968743298,969.332169077703,1033.12332633309,-1.7473946040911197e+56
-154074541946779.62,978.9484524123465,934.9513664048536,1033.12332633309,-1.7473946040911197e+56
-409149225314417.75,982.8536467409656,931.5163068809555,1033.12332633309,-1.7473946040911197e+56
-5660969364463.403,993.9448595773183,491.31678235409254,1033.12332633309,-1.7473946040911197e+56
-347588288801748.6,987.4098798707486,960.6613575944556,1033.12332633309,-1.7473946040911197e+56
758.7160032723879,1006.3076549556426,937.758749585986,1033.12332633309,-1.7473946040911197e+56
-62681516191353.26,996.8281544676705,939.2912590311291,1033.12332633309,-1.7473946040911197e+56
-22605298630176.363,976.8762122523149,942.2911378841983,1033.12332633309,-1.7473946040911197e+56
-73966047109563.98,974.823931627099,962.4254264430529,1033.12332633309,-1.7473946040911197e+56
800.3505122281805,1008.3377861691914,960.0558882913547,1033.12332633309,-1.7473946040911197e+56
780.1942819738473,991.272113713131,964.7564279236263,1033.12332633309,-1.7473946040911197e+56
761.7556350494187,983.4906507377557,947.8444147079092,1033.12332633309,-1.7473946040911197e+56
858.1832474380888,998.9793645165412,947.6474384936695,1033.12332633309,-1.7473946040911197e+56
708.0493297367409,981.480453432187,936.3907310330736,1033.12332633309,-1.7473946040911197e+56
702.5101161670904,988.222734392881,669.5443923673078,1033.12332633309,-1.7473946040911197e+56
819.7455255272436,993.6312845358865,971.713220190263,1033.12332633309,-1.7473946040911197e+56
698.9606053398803,1010.0522540779015,950.1719712810649,1033.12332633309,-1.7473946040911197e+56
769.0327803214713,988.2943060019062,962.0781872200998,1033.12332633309,-1.7473946040911197e+56
834.1699786606092,983.7175683947283,962.6085109470674,1033.12332633309,-1.7473946040911197e+56
779.6447105403023,983.250802924925,922.9089404704748,1033.12332633309,-1.7473946040911197e+56
699.1738664381063,994.2796981817614,797.1056545233254,1033.12332633309,-1.7473946040911197e+56
620.6605897273448,1002.6134403013241,477.06975799649456,1033.12332633309,-1.7473946040911197e+56
603.8773093802728,993.9226317113732,381.29753054854655,1033.12332633309,-1.7473946040911197e+56
651.7124117141653,997.5860677625892,551.0893048551152,1033.12332633309,-1.7473946040911197e+56
696.8383549187668,984.7937357893928,752.0429083737918,1033.12332633309,-1.7473946040911197e+56
809.4580422699331,987.5895097970105,955.0776574231244,1033.12332633309,-1.7473946040911197e+56
600.2071639919922,979.2017994772441,496.55571648819046,1033.12332633309,-1.7473946040911197e+56
548.6612331625153,981.8426847525556,485.4932466497295,1033.12332633309,-1.7473946040911197e+56
516.9940733495139,989.6916209996198,356.26954931201186,1033.12332633309,-1.7473946040911197e+56
713.501781205479,992.044882954489,951.1544939978854,1033.12332633309,-1.7473946040911197e+56
788.5271047669615,983.941126079766,919.3661503626462,1033.12332633309,-1.7473946040911197e+56
856.7496785123677,988.1599277010821,969.0489808467294,1033.12332633309,-1.7473946040911197e+56
679.6702717877023,976.6810753474568,623.879569732447,1033.12332633309,-1.7473946040911197e+56
717.9042009751267,989.4788892866218,956.295848699459,1033.12332633309,-1.7473946040911197e+56
676.0536659626648,992.4152006080914,641.6794889874315,1033.12332633309,-1.7473946040911197e+56
724.4373961128179,994.1946065644673,958.5846277487483,1033.12332633309,-1.7473946040911197e+56
839.2618260349428,985.6646405141895,963.7861559804047,1033.12332633309,-1.7473946040911197e+56
725.8027088055754,988.846124814716,955.6701239291612,1033.12332633309,-1.7473946040911197e+56
686.4820583154328,998.6427390297519,760.2685635985496,1033.12332633309,-1.7473946040911197e+56
631.4072837714804,993.4733482320377,560.6370580134145,1033.12332633309,-1.7473946040911197e+56
545.2801260961174,991.9919309642955,404.06746034100394,1033.12332633309,-1.7473946040911197e+56
817.4236245991614,1001.3647795882705,961.0738921955452,1033.12332633309,-1.7473946040911197e+56
909.068745088675,996.9872396276108,957.5235336455022,1033.12332633309,-1.7473946040911197e+56
-267450587808273.75,985.9397779706611,972.6035581388015,1033.12332633309,-1.7473946040911197e+56
754.1100406345371,975.8034859419703,957.8429814280565,1033.12332633309,-1.7473946040911197e+56
737.3746969135115,994.2589389232581,955.8798615416897,1033.12332633309,-1.7473946040911197e+56
654.5421171874033,997.0586156282327,464.2880362786918,1033.12332633309,-1.7473946040911197e+56
-390985889150113.8,993.998278620182,410.9641469587739,1033.12332633309,-1.7473946040911197e+56
840.2652519292174,1002.222981253244,972.9076678088534,1033.12332633309,-1.7473946040911197e+56
-1505713786649870.0,992.4973547769765,922.8196614910155,1033.12332633309,-1.7473946040911197e+56
-786392657358391.9,987.4986142249294,951.9521352725245,1033.12332633309,-1.7473946040911197e+56
-197609668573960.25,998.7046164083437,964.8293206506507,1033.12332633309,-1.7473946040911197e+56
-1147536271775289.8,1010.5923975475313,389.2898631061516,1033.12332633309,-1.7473946040911197e+56
-917974221877724.5,998.1921790511674,968.6998680007191,1033.12332633309,-1.7473946040911197e+56
917.1514987759153,992.7580190721617,962.7138133847924,1033.12332633309,-1.7473946040911197e+56
869.6059459763403,990.4678654193825,971.7916634447678,1033.12332633309,-1.7473946040911197e+56
-298648861166895.7,989.6801772929654,964.6553817008672,1033.12332633309,-1.7473946040911197e+56
-1358748251524802.2,1004.7203718786595,538.0113080144522,1033.12332633309,-1.7473946040911197e+56
-1965953292276733.2,992.0638884152281,369.5250634068401,1033.12332633309,-1.7473946040911197e+56
-700831648540010.4,996.2969011476308,504.41433854388225,1033.12332633309,-1.7473946040911197e+56
-425954207392552.7,990.5297238127217,963.5722367683888,1033.12332633309,-1.7473946040911197e+56
-429114664515969.2,990.1563083854782,947.1242273461922,1033.12332633309,-1.7473946040911197e+56
-1115796834319790.1,986.1619967815427,770.98800270116,1033.12332633309,-1.7473946040911197e+56
-183400853740796.75,998.5026492956321,972.6717602588941,1033.12332633309,-1.7473946040911197e+56
-2477366746798687.5,993.336286801114,387.5060078577062,1033.12332633309,-1.7473946040911197e+56
-1656238537423298.5,1001.5362120974186,955.2344737605027,1033.12332633309,-1.7473946040911197e+56
-658877011423487.2,987.90249044656,965.245446235616,1033.12332633309,-1.7473946040911197e+56
-633365447340326.4,994.5645298909526,926.7441871651462,1033.12332633309,-1.7473946040911197e+56
-1551930211863208.2,997.8357806139758,569.3948186088745,1033.12332633309,-1.7473946040911197e+56
-169458839790642.03,1001.4778859061609,363.9559347734457,1033.12332633309,-1.7473946040911197e+56
-1587961684143576.2,986.220453432438,458.5201526474851,1033.12332633309,-1.7473946040911197e+56
-929455689273203.9,1003.659236648968,434.7278355474887,1033.12332633309,-1.7473946040911197e+56
-2278009166205540.5,995.1790889513529,943.1571451834284,1033.12332633309,-1.7473946040911197e+56
761.9735769775656,988.3578870664153,940.0460212545563,1033.12332633309,-1.7473946040911197e+56
721.6599196155788,984.3332259186075,787.230448780888,1033.12332633309,-1.7473946040911197e+56
-2125583459883098.0,1001.5616791250593,403.9186846578422,1033.12332633309,-1.7473946040911197e+56
-859913742309159.2,1006.7259674998387,494.2115704568286,1033.12332633309,-1.7473946040911197e+56
-1142083341534820.2,990.6271846022485,958.8108335262043,1033.12332633309,-1.7473946040911197e+56
-330787801357059.8,993.5555330396946,961.6394458748997,1033.12332633309,-1.7473946040911197e+56
862.436356388492,991.045577265661,976.1284375917296,1033.12332633309,-1.7473946040911197e+56
-4650272459054112.0,986.200775323621,941.5509535019594,1033.12332633309,-1.7473946040911197e+56
-38564560335487.8,993.1423960511447,365.27238338096925,1033.12332633309,-1.7473946040911197e+56
-2148422723009645.2,992.5199609209525,518.8989456098509,1033.12332633309,-1.7473946040911197e+56
-3608421192031286.5,999.3468424626972,958.5571128279635,1033.12332633309,-1.7473946040911197e+56
-3108440131037124.5,989.6719648464199,940.6053571300151,1033.12332633309,-1.7473946040911197e+56
-983481402939948.4,991.5602654834798,972.265353581526,1033.12332633309,-1.7473946040911197e+56
-768187925200752.9,988.1697067451698,944.0935994767277,1033.12332633309,-1.7473946040911197e+56
-135608256932334.28,994.014163719555,645.0788997958439,1033.12332633309,-1.7473946040911197e+56
603.7734923845472,1010.4445468914764,427.5423586182927,1033.12332633309,-1.7473946040911197e+56
812.5994542014665,996.4844219173648,963.041012341863,1033.12332633309,-1.7473946040911197e+56
719.2067665188673,988.0590830779728,897.0842096694424,1033.12332633309,-1.7473946040911197e+56
838.5953401897212,989.4309463178702,961.4306298703222,1033.12332633309,-1.7473946040911197e+56
804.0590835668307,994.5391378546136,960.4520931779946,1033.12332633309,-1.7473946040911197e+56
-993104905539106.4,983.4589225174288,400.80816388773553,1033.12332633309,-1.7473946040911197e+56
704.9741825488836,997.6314422683319,586.4434144996446,1033.12332633309,-1.7473946040911197e+56
653.2531736098942,993.3632153515273,536.8206505801874,1033.12332633309,-1.7473946040911197e+56
874.3016860380457,1000.0571994749877,967.2642168135179,1033.12332633309,-1.7473946040911197e+56
799.3479463977368,994.0396654894977,967.5364660492744,1033.12332633309,-1.7473946040911197e+56
818.0539085560957,983.3932344471409,949.0326580393597,1033.12332633309,-1.7473946040911197e+56
679.7875423041467,1007.6710049316988,968.2656010851662,1033.12332633309,-1.7473946040911197e+56
-1433561537073636.8,989.2233196773541,374.7709903297655,1033.12332633309,-1.7473946040911197e+56
714.3446574205515,995.4581575432966,889.6233714660063,1033.12332633309,-1.7473946040911197e+56
861.2126383328678,1007.7192665979992,910.4169406763875,1033.12332633309,-1.7473946040911197e+56
773.548212983489,988.4472390821927,942.0380153153313,1033.12332633309,-1.7473946040911197e+56
-113224073364433.27,983.7642345382894,508.8874795282291,1033.12332633309,-1.7473946040911197e+56
619.3768770832114,1003.7627534036671,508.6099751922302,1033.12332633309,-1.7473946040911197e+56
790.9158841398595,995.9187573339938,974.3288053781314,1033.12332633309,-1.7473946040911197e+56
772.5608669507477,1000.9424228334548,958.7685821098619,1033.12332633309,-1.7473946040911197e+56
937.6637228976491,984.2049859541899,966.838896972648,1033.12332633309,-1.7473946040911197e+56
799.8550249067953,988.8946742199058,959.49573122648,1033.12332633309,-1.7473946040911197e+56
747.3220180284256,986.0236856936017,711.0235108605306,1033.12332633309,-1.7473946040911197e+56
648.4430623342134,994.4581365273269,543.6738302762972,1033.12332633309,-1.7473946040911197e+56
-1004290118532184.1,994.7881457723392,948.866710126412,1033.12332633309,-1.7473946040911197e+56
721.5987160994364,999.1966499444521,748.1432616018774,1033.12332633309,-1.7473946040911197e+56
868.6310901827443,1004.9662079798653,973.8868655404253,1033.12332633309,-1.7473946040911197e+56
-1088110286206047.0,993.9271760770156,974.5781841104998,1033.12332633309,-1.7473946040911197e+56
778.8297291822331,988.958706325651,950.6178599031261,1033.12332633309,-1.7473946040911197e+56
666.6432803079514,989.0367936077216,782.4631559102248,1033.12332633309,-1.7473946040911197e+56
-1.93244142294262e+16,992.3970530494018,963.1998918027954,1033.12332633309,-1.7473946040911197e+56
-49168036889609.445,1002.2281332650942,943.9349364381651,1033.12332633309,-1.7473946040911197e+56
879.8498205058507,1004.9095331097965,958.7550601640127,1033.12332633309,-1.7473946040911197e+56
820.94852939302,994.120430953207,928.1200174296506,1033.12332633309,-1.7473946040911197e+56
-2061182645696430.2,991.8560940100788,914.8603502739372,1033.12332633309,-1.7473946040911197e+56
591.5069932109683,991.8123968440767,396.522589680652,1033.12332633309,-1.7473946040911197e+56
-2383594890964108.5,1008.1703684208503,568.8616830199009,1033.12332633309,-1.7473946040911197e+56
-5748530849484872.0,992.4320824655522,448.89291806010317,1033.12332633309,-1.7473946040911197e+56
724.397018729121,998.64592369412,941.3786921466791,1033.12332633309,-1.7473946040911197e+56
-1.869792032652965e+16,987.8102523236935,950.8867743392891,1033.12332633309,-1.7473946040911197e+56
855.1026991618656,987.8570650285367,944.7442318287361,1033.12332633309,-1.7473946040911197e+56
-5598320924575382.0,1005.978010711162,389.78887299182077,1033.12332633309,-1.7473946040911197e+56
678.4491783960458,997.3754795990749,637.9813132434523,1033.12332633309,-1.7473946040911197e+56
-1.2306680148480208e+16,1000.4201806705966,968.4787407260059,1033.12332633309,-1.7473946040911197e+56
-271457959052468.53,998.8845982195817,960.1918915240831,1033.12332633309,-1.7473946040911197e+56
-2861552446033205.0,991.4026761842173,967.6180833338261,1033.12332633309,-1.7473946040911197e+56
-851283782423955.5,981.6616517127107,945.2763062640078,1033.12332633309,-1.7473946040911197e+56
621.8806796646462,986.4180868370802,409.60234500480834,1033.12332633309,-1.7473946040911197e+56
748.0438408058541,994.7192070919895,947.5807845615285,1033.12332633309,-1.7473946040911197e+56
-2241550539933822.0,991.8777899271028,963.9775099943087,1033.12332633309,-1.7473946040911197e+56
-828707433232100.0,994.553822215712,970.5485324233664,1033.12332633309,-1.7473946040911197e+56
-2.1522911163576708e+16,988.2733678916816,973.947928391131,1033.12332633309,-1.7473946040911197e+56
-1.1664097993329354e+16,987.1054053951051,944.2486005491727,1033.12332633309,-1.7473946040911197e+56
-6582783229141967.0,994.5856555722268,466.9766022062934,1033.12332633309,-1.7473946040911197e+56
689.4544308305174,987.9034357393176,677.8629925606313,1033.12332633309,-1.7473946040911197e+56
-2.0465075224135692e+16,978.8609125030657,936.2123891432342,1033.12332633309,-1.7473946040911197e+56
-3539802633832837.0,999.9177418334039,949.549200222313,1033.12332633309,-1.7473946040911197e+56
-2.7198622512908788e+16,992.9685525347131,964.8292638243859,1033.12332633309,-1.7473946040911197e+56
-5.115229501196434e+16,979.1369997728864,390.70264713781665,1033.12332633309,-1.7473946040911197e+56
-3282145667422434.0,988.8912867782249,963.4291650319485,1033.12332633309,-1.7473946040911197e+56
-3.5828340983589416e+16,993.9089838341455,958.0216605330633,1033.12332633309,-1.7473946040911197e+56
-1.0186429628114773e+17,987.2656990457332,966.1292575769395,1033.12332633309,-1.7473946040911197e+56
918.8474941588917,997.1073429156182,968.0480698792516,1033.12332633309,-1.7473946040911197e+56
-8.46288971737562e+16,981.3995503140376,958.1545518585071,1033.12332633309,-1.7473946040911197e+56
-2.0666299271418732e+16,981.661890872104,957.6467365162022,1033.12332633309,-1.7473946040911197e+56
-1.4733678093991262e+16,984.4914397143361,545.7737384946716,1033.12332633309,-1.7473946040911197e+56
-8809321333898389.0,987.6547003777085,499.6315648083252,1033.12332633309,-1.7473946040911197e+56
-3.928968002199679e+16,1005.5057082676489,945.9154930106191,1033.12332633309,-1.7473946040911197e+56
-3.18285842322463e+16,996.5746258772227,965.4306397715324,1033.12332633309,-1.7473946040911197e+56
-2.7416017978084276e+16,997.8002456201579,966.4844897211011,1033.12332633309,-1.7473946040911197e+56
-7.542143717256555e+16,985.6637079062281,391.30866911488545,1033.12332633309,-1.7473946040911197e+56
-1.5727397555834218e+16,977.9002643484444,941.7253575857319,1033.12332633309,-1.7473946040911197e+56
-3.0220395832177468e+16,981.678647682332,951.1899567726721,1033.12332633309,-1.7473946040911197e+56
-2316699769522903.0,1006.7646882580601,966.506565118953,1033.12332633309,-1.7473946040911197e+56
-6.772591169448655e+16,1004.9240869031026,958.1781553297247,1033.12332633309,-1.7473946040911197e+56
811.9967536308253,980.2912270004115,959.394677305291,1033.12332633309,-1.7473946040911197e+56
-5284759059199041.0,982.7471012822624,965.5660412052588,1033.12332633309,-1.7473946040911197e+56
-2.1480466617034228e+16,991.8517923695041,639.1923551274949,1033.12332633309,-1.7473946040911197e+56
-4.507201900289217e+16,998.8976797145347,844.0990204829146,1033.12332633309,-1.7473946040911197e+56
-6164142870307207.0,998.9245857970944,965.8603717275298,1033.12332633309,-1.7473946040911197e+56
-3.4420681379320012e+16,1012.2214311415775,971.2447162446264,1033.12332633309,-1.7473946040911197e+56
-1.5543403428927828e+16,986.6863181202261,903.2327080183213,1033.12332633309,-1.7473946040911197e+56
834.2417072632347,987.5608895070549,968.6571300388957,1033.12332633309,-1.7473946040911197e+56
-3.987882877700819e+16,988.8701897601846,961.7453222311868,1033.12332633309,-1.7473946040911197e+56
-3.3734885556850704e+16,995.0011165761252,938.7909225521097,1033.12332633309,-1.7473946040911197e+56
905.5350721627728,993.184894742402,952.3332000057744,1033.12332633309,-1.7473946040911197e+56
880.6920018497487,1006.5577405891381,974.4357733517553,1033.12332633309,-1.7473946040911197e+56
757.5860835024566,990.041362101245,942.934702312105,1033.12332633309,-1.7473946040911197e+56
-3.6871581028270744e+16,990.94322272729,950.9619095801844,1033.12332633309,-1.7473946040911197e+56
-1.6977122649881676e+16,999.2550009647114,958.6319107636588,1033.12332633309,-1.7473946040911197e+56
-941516575357208.1,981.3169832398603,961.9188476734377,1033.12332633309,-1.7473946040911197e+56
-3.2235903742968148e+16,990.4035548377728,953.553426855267,1033.12332633309,-1.7473946040911197e+56
-7.292990968996989e+16,1004.8869126936656,948.7989228944598,1033.12332633309,-1.7473946040911197e+56
-2.1087508633986454e+17,991.3799235385189,947.6655388253156,1033.12332633309,-1.7473946040911197e+56
786.9007710613259,992.1320898329768,951.6463726026936,1033.12332633309,-1.7473946040911197e+56
-7.77449889310593e+16,984.7335392247878,480.48656836627396,1033.12332633309,-1.7473946040911197e+56
-6.822394681363666e+16,985.7391023432502,962.5866317873965,1033.12332633309,-1.7473946040911197e+56
-4874076778490934.0,996.8596801509236,970.7602550023632,1033.12332633309,-1.7473946040911197e+56
-8.389460580067334e+16,1009.6102318511277,931.1215440160679,1033.12332633309,-1.7473946040911197e+56
-1.6541196116367312e+17,996.6059635048565,919.8199583723169,1033.12332633309,-1.7473946040911197e+56
-3420902722361605.5,989.3224718541517,954.9049036382911,1033.12332633309,-1.7473946040911197e+56
-6.989238473237683e+16,990.763591393437,949.5729425465224,1033.12332633309,-1.7473946040911197e+56
-1.0713652044428707e+17,1010.9887211372268,925.5061760960089,1033.12332633309,-1.7473946040911197e+56
-6.623384977913879e+16,997.2500977161247,510.3525017837226,1033.12332633309,-1.7473946040911197e+56
-1.0447636211484398e+17,1011.5821252556055,969.9474408367447,1033.12332633309,-1.7473946040911197e+56
-7.839999347641691e+16,1001.8015316677804,845.6733988059632,1033.12332633309,-1.7473946040911197e+56
-9.220244495015349e+16,981.1907308377888,937.5478397567383,1033.12332633309,-1.7473946040911197e+56
-1.216702979859286e+16,993.5231240658454,961.215665400501,1033.12332633309,-1.7473946040911197e+56
-4.269072998030213e+16,991.7046148598289,966.3628795873748,1033.12332633309,-1.7473946040911197e+56
807.585346449415,1006.214096933246,955.58658857225,1033.12332633309,-1.7473946040911197e+56
-8.5395698144779e+16,1013.027191190155,953.9611696707657,1033.12332633309,-1.7473946040911197e+56
-1.3029772202804435e+17,997.0160676835604,942.7421663616966,1033.12332633309,-1.7473946040911197e+56
-1.2860889772721294e+17,975.0563456822043,924.2734367643603,1033.12332633309,-1.7473946040911197e+56
-6.6679483950372504e+16,1007.0903991209126,970.4829134663138,1033.12332633309,-1.7473946040911197e+56
-1.5297329131269802e+17,987.9096032928431,960.9238178583097,1033.12332633309,-1.7473946040911197e+56
-6.507928834389516e+16,1007.1976370305407,980.4093203981402,1033.12332633309,-1.7473946040911197e+56
661.2412156652963,995.0616483310542,621.3601655756487,1033.12332633309,-1.7473946040911197e+56
-1.9290999568183088e+17,993.2751357340926,587.6722554779941,1033.12332633309,-1.7473946040911197e+56
-1.4979212773160336e+17,965.5707841902856,540.8675925419008,1033.12332633309,-1.7473946040911197e+56
-5.078329596803985e+16,996.413947514403,965.9154681538411,1033.12332633309,-1.7473946040911197e+56
-1.0431590299149445e+17,987.140052045698,448.8844642357749,1033.12332633309,-1.7473946040911197e+56
-6174560692543754.0,1009.8717634217627,962.6678649851946,1033.12332633309,-1.7473946040911197e+56
-1.1575961413708853e+17,995.1198450562462,916.2886431818863,1033.12332633309,-1.7473946040911197e+56
-3.314596083041503e+16,994.0881333668586,948.2901211565477,1033.12332633309,-1.7473946040911197e+56
-5.090028060710303e+17,974.0145545322215,475.10298938809126,1033.12332633309,-1.7473946040911197e+56
-5.229748518770264e+16,990.6339319855574,590.3904875356977,1033.12332633309,-1.7473946040911197e+56
808.4650268515413,998.8244939111415,964.6020949213486,1033.12332633309,-1.7473946040911197e+56
-1.193181663164272e+17,997.3448565948248,776.614561110771,1033.12332633309,-1.7473946040911197e+56
751.4620299762302,1005.4370094702304,943.5945311403414,1033.12332633309,-1.7473946040911197e+56
-2314531760739434.5,987.0214140621634,341.705472576442,1033.12332633309,-1.7473946040911197e+56
814.2837759400006,998.8769485186314,961.2654561408425,1033.12332633309,-1.7473946040911197e+56
-8.26676433719796e+16,991.8045563120581,965.8755046065397,1033.12332633309,-1.7473946040911197e+56
776.1308342349614,985.4586736071836,960.6723118456846,1033.12332633309,-1.7473946040911197e+56
-1.2871775920562584e+17,1009.1482201246189,962.4583050156967,1033.12332633309,-1.7473946040911197e+56
682.9248826095097,1013.441549038395,772.54919961234,1033.12332633309,-1.7473946040911197e+56
825.6453177234805,985.7732098907387,947.1793668666378,1033.12332633309,-1.7473946040911197e+56
-8966087551467314.0,1006.1074657090365,668.0396977025162,1033.12332633309,-1.7473946040911197e+56
-1.1317861048680662e+17,990.0489320858029,949.4822918255117,1033.12332633309,-1.7473946040911197e+56
-3.579821262643153e+16,995.7930326309465,962.8155508146361,1033.12332633309,-1.7473946040911197e+56
-8.433734233146312e+16,996.982678383509,956.4187396967542,1033.12332633309,-1.7473946040911197e+56
797.4156607891048,1011.3951422589615,961.1159569050974,1033.12332633309,-1.7473946040911197e+56
-9.167246075818662e+16,980.6077490400709,648.9002859030767,1033.12332633309,-1.7473946040911197e+56
-2.7932037211807734e+17,984.1289331963532,854.2702280343557,1033.12332633309,-1.7473946040911197e+56
-2.820266915919451e+17,993.979572351179,630.1803602763821,1033.12332633309,-1.7473946040911197e+56
-3.1180435437334036e+18,1000.9238414376812,969.390123328985,1033.12332633309,-1.7473946040911197e+56
-1.7362820168823018e+16,995.9356099228748,954.8391612341718,1033.12332633309,-1.7473946040911197e+56
-1.861254758495537e+16,1007.2603885092906,773.1230589068433,1033.12332633309,-1.7473946040911197e+56
-1.7246644389469766e+17,987.3608025611219,856.6469718837134,1033.12332633309,-1.7473946040911197e+56
759.9670762079683,994.7687999462311,838.5698913735196,1033.12332633309,-1.7473946040911197e+56
-7.567168060032216e+16,985.6564505433574,964.2982469591251,1033.12332633309,-1.7473946040911197e+56
859.110559468039,991.0148705323774,963.9845741230401,1033.12332633309,-1.7473946040911197e+56
-3.3903044201789044e+16,999.2863329545775,729.920637701883,1033.12332633309,-1.7473946040911197e+56
-1.6448085989191648e+17,986.8048436701046,571.7000339264824,1033.12332633309,-1.7473946040911197e+56
-9.20180891503873e+16,991.4971489619933,717.697147384835,1033.12332633309,-1.7473946040911197e+56
-3.104430091349805e+17,984.0870798164389,726.7898450207418,1033.12332633309,-1.7473946040911197e+56
-2.3278786022115046e+17,998.2669353683435,445.1535857445813,1033.12332633309,-1.7473946040911197e+56
-2.143439325938969e+17,995.4629795211666,969.1722066508713,1033.12332633309,-1.7473946040911197e+56
-3.860139120422869e+16,993.1503114967841,631.259053785916,1033.12332633309,-1.7473946040911197e+56
-1.0827101374831426e+16,1009.4239482324108,563.7719956641706,1033.12332633309,-1.7473946040911197e+56
-2.2776077858836726e+17,978.67741110114,348.8352166220864,1033.12332633309,-1.7473946040911197e+56
-4.772576843323813e+16,989.1020291158605,925.5290113261244,1033.12332633309,-1.7473946040911197e+56
-9.625908821383642e+16,998.97243011015,958.2760370312425,1033.12332633309,-1.7473946040911197e+56
-2.3260788534850934e+17,996.5774824362115,969.6871064416239,1033.12332633309,-1.7473946040911197e+56
-5.230705272329338e+17,999.3191273180269,606.9370841205989,1033.12332633309,-1.7473946040911197e+56
-1.6873504891125837e+17,980.2773352843683,909.4993036110882,1033.12332633309,-1.7473946040911197e+56
-5.1302439457675904e+17,974.1820688686387,872.1147707157313,1033.12332633309,-1.7473946040911197e+56
704.7727317596991,973.2958295000576,782.0541650328433,1033.12332633309,-1.7473946040911197e+56
743.9303403498166,991.4216906322687,967.4908930216218,1033.12332633309,-1.7473946040911197e+56
736.5398787611597,1002.4671940345679,962.2592907584299,1033.12332633309,-1.7473946040911197e+56
742.4555007732088,996.8981252229677,954.1012086518284,1033.12332633309,-1.7473946040911197e+56
-7.680504362125729e+17,978.1696286967987,906.9570550260598,1033.12332633309,-1.7473946040911197e+56
-8011302416127647.0,978.1747441193171,962.0103899847257,1033.12332633309,-1.7473946040911197e+56
-4.1549902183346586e+17,977.5329746694293,938.770504618561,1033.12332633309,-1.7473946040911197e+56
-6.371411184776205e+17,992.4453991457841,424.5288700558038,1033.12332633309,-1.7473946040911197e+56
-1.1291564188784074e+18,987.236269824964,357.472261107356,1033.12332633309,-1.7473946040911197e+56
-1.7864211881018912e+17,997.7673095318398,516.0589261451306,1033.12332633309,-1.7473946040911197e+56
-1.7105600172593508e+16,983.1712445237105,930.5983151963705,1033.12332633309,-1.7473946040911197e+56
-7.752092621644069e+16,988.6606108537275,587.8909841634015,1033.12332633309,-1.7473946040911197e+56
-1.8139469527740506e+17,985.0992913220173,552.3192059423337,1033.12332633309,-1.7473946040911197e+56
-3.0900889743544134e+17,996.2163754499876,472.88583812992766,1033.12332633309,-1.7473946040911197e+56
-6827995930001145.0,985.6464562279364,739.3235536888797,1033.12332633309,-1.7473946040911197e+56
754.6814839584439,994.8167643489772,949.9965225422858,1033.12332633309,-1.7473946040911197e+56
574.8930124979415,1013.7440056653712,516.3065119022052,1033.12332633309,-1.7473946040911197e+56
-1.1181569045418142e+16,978.7903305301484,914.4635930308879,1033.12332633309,-1.7473946040911197e+56
711.4388938887237,977.6693925908253,929.913433908542,1033.12332633309,-1.7473946040911197e+56
854.2287397707222,998.4022621981264,970.6201449184439,1033.12332633309,-1.7473946040911197e+56
-7.253319999496978e+16,990.8596306040489,973.9076038009703,1033.12332633309,-1.7473946040911197e+56
-5.6517509484847104e+17,980.874943770557,880.6424255584895,1033.12332633309,-1.7473946040911197e+56
-8.759836658753404e+17,1002.1867131040132,910.7805882667101,1033.12332633309,-1.7473946040911197e+56
-2.3750737118976374e+17,1010.8182204204319,963.117137023404,1033.12332633309,-1.7473946040911197e+56
-1.5924815395734234e+17,978.0416029395597,955.5947116953615,1033.12332633309,-1.7473946040911197e+56
-1.0332259746091308e+18,987.2456461813123,960.4669713556302,1033.12332633309,-1.7473946040911197e+56
-1.1766048751897696e+17,990.2440723303489,964.2091910757132,1033.12332633309,-1.7473946040911197e+56
-1.506693072864821e+18,988.4492961626146,952.2627510070565,1033.12332633309,-1.7473946040911197e+56
-2.529557405542334e+17,980.4526518906362,953.8029642902009,1033.12332633309,-1.7473946040911197e+56
-7.168418849801395e+17,987.1633146719464,950.1206492408415,1033.12332633309,-1.7473946040911197e+56
-4.2520186112410515e+17,975.2333910027334,966.9403120424996,1033.12332633309,-1.7473946040911197e+56
769.5076068250311,998.3812696233435,969.510696780632,1033.12332633309,-1.7473946040911197e+56
653.8027642758105,994.9143781587471,616.8159262111624,1033.12332633309,-1.7473946040911197e+56
742.0925813203858,1004.6958644102946,807.8494592608898,1033.12332633309,-1.7473946040911197e+56
-5.0886549673253805e+17,1008.2065561386642,387.1281753823385,1033.12332633309,-1.7473946040911197e+56
-2.3328936815405215e+18,982.9745656818341,559.5796660485897,1033.12332633309,-1.7473946040911197e+56
-1.6079562769136125e+17,985.9192579391308,788.3936717934786,1033.12332633309,-1.7473946040911197e+56
-7.883253256384092e+17,997.4957436398438,464.59591291921606,1033.12332633309,-1.7473946040911197e+56
-1.8295947761171418e+18,1005.9589668591952,497.7384820526836,1033.12332633309,-1.7473946040911197e+56
670.5027081705247,1019.2921937605685,552.8831699400324,1033.12332633309,-1.7473946040911197e+56
-3.03749970318926e+17,986.322258832277,558.7095229021205,1033.12332633309,-1.7473946040911197e+56
-1.269758256998839e+18,984.3942913753432,388.72293681357763,1033.12332633309,-1.7473946040911197e+56
-1.8672681841527776e+16,987.2013211772567,934.8430558020963,1033.12332633309,-1.7473946040911197e+56
684.5627884226587,996.8290025897425,808.7403091113499,1033.12332633309,-1.7473946040911197e+56
-3.597544775002234e+18,999.1115176001874,345.3012677908588,1033.12332633309,-1.7473946040911197e+56
-1.8179645800921997e+18,1004.9825600515827,953.4307212093033,1033.12332633309,-1.7473946040911197e+56
-1.7202461499061917e+17,991.7241533227707,968.1564707091063,1033.12332633309,-1.7473946040911197e+56
-4.981892528350232e+18,985.6917954670363,414.3610015688774,1033.12332633309,-1.7473946040911197e+56
835.8428575064406,985.3721825349136,972.2205886904648,1033.12332633309,-1.7473946040911197e+56
-8.292478873759401e+18,982.8536002849819,321.54466117838103,1033.12332633309,-1.7473946040911197e+56
-1.71366963702777e+18,994.5411287439542,416.56418554528864,1033.12332633309,-1.7473946040911197e+56
-1.2012175377742683e+17,1000.052858199148,562.7703061631839,1033.12332633309,-1.7473946040911197e+56
-1.1426026498494191e+18,991.9370263806765,559.4024405618283,1033.12332633309,-1.7473946040911197e+56
-2.5636759341322107e+18,993.4357006741158,828.6042467821794,1033.12332633309,-1.7473946040911197e+56
-4.735213339027064e+18,983.6394069475582,441.82848658899786,1033.12332633309,-1.7473946040911197e+56
-2.7400780468047715e+17,985.1985242880686,635.3451659468607,1033.12332633309,-1.7473946040911197e+56
-2.9359808872468874e+18,988.9424289069664,518.1326103274675,1033.12332633309,-1.7473946040911197e+56
-1.3312641031898063e+18,989.2681819035381,760.1988481290364,1033.12332633309,-1.7473946040911197e+56
-3.177021557246898e+17,1001.6712074613704,946.8572392314339,1033.12332633309,-1.7473946040911197e+56
831.2721981636412,993.6972317211877,949.9155381641342,1033.12332633309,-1.7473946040911197e+56
-3.1431175046217953e+18,988.5090619274132,561.5688056765485,1033.12332633309,-1.7473946040911197e+56
-3.899064548925666e+18,997.7558689387251,555.9135934319529,1033.12332633309,-1.7473946040911197e+56
740.1030375083967,996.5431251708532,957.536554453029,1033.12332633309,-1.7473946040911197e+56
801.1008024556779,991.5966093028065,961.1983428842323,1033.12332633309,-1.7473946040911197e+56
-2.9422055388406936e+16,1009.1974021850651,972.9271446324414,1033.12332633309,-1.7473946040911197e+56
-1.0223758829655398e+19,996.5190357071433,956.3477069813068,1033.12332633309,-1.7473946040911197e+56
682.936940999971,986.325091445979,928.4537586976169,1033.12332633309,-1.7473946040911197e+56
-5.024590500293042e+18,986.4743418742089,823.0229760077144,1033.12332633309,-1.7473946040911197e+56
-7.68689815830762e+18,996.0868008139412,961.9750821915525,1033.12332633309,-1.7473946040911197e+56
-1.1190231861599786e+18,980.370573444902,954.9461237912138,1033.12332633309,-1.7473946040911197e+56
-6.404280048335609e+18,989.0486606658992,672.9450712790061,1033.12332633309,-1.7473946040911197e+56
-1.6878787800356547e+18,995.2949549256174,957.5085275182664,1033.12332633309,-1.7473946040911197e+56
-3.045652553241662e+18,993.1457938761577,969.4374445801129,1033.12332633309,-1.7473946040911197e+56
-6.084703449623992e+18,986.0312416904999,380.3224562320391,1033.12332633309,-1.7473946040911197e+56
685.7132373629596,993.4291915039747,634.9154076068285,1033.12332633309,-1.7473946040911197e+56
785.2553705541168,1003.8803249015066,955.5306318645967,1033.12332633309,-1.7473946040911197e+56
-1.0947701702551736e+19,990.9666564060735,682.4891372100819,1033.12332633309,-1.7473946040911197e+56
-5.844291201643116e+18,989.7350801867651,901.1069277670113,1033.12332633309,-1.7473946040911197e+56
-4.667256372995754e+18,985.9868545192896,517.1462564597754,1033.12332633309,-1.7473946040911197e+56
712.040694020981,991.2797907492271,960.2945911767591,1033.12332633309,-1.7473946040911197e+56
-4.21621186171303e+18,993.1198195324644,951.4682572127222,1033.12332633309,-1.7473946040911197e+56
-6.34860213502999e+18,988.9745819982112,924.9132224448997,1033.12332633309,-1.7473946040911197e+56
-1.2430373467724757e+19,989.7143696064192,758.6902308965067,1033.12332633309,-1.7473946040911197e+56
-5.258295962889032e+17,988.598739579205,747.3541232220534,1033.12332633309,-1.7473946040911197e+56
-8.827012759039816e+19,992.1597059626004,967.17531130983,1033.12332633309,-1.7473946040911197e+56
-2.88895708978142e+18,991.593182043462,427.98028108335313,1033.12332633309,-1.7473946040911197e+56
-1.4648133057387577e+19,994.6711535794026,377.2602971838706,1033.12332633309,-1.7473946040911197e+56
-1.3790371965235876e+19,1000.7627811017464,939.1477877836128,1033.12332633309,-1.7473946040911197e+56
-8.725820332440541e+18,997.7075337244295,973.6893156563252,1033.12332633309,-1.7473946040911197e+56
-3.084679579315715e+18,990.7033672605114,965.6327273301818,1033.12332633309,-1.7473946040911197e+56
-6.027367231340508e+18,991.1905231197535,910.5600725455436,1033.12332633309,-1.7473946040911197e+56
-9.515217456253895e+18,990.5796143639311,965.0145420973099,1033.12332633309,-1.7473946040911197e+56
-6.187424711349122e+18,988.6181941899962,567.9191664924269,1033.12332633309,-1.7473946040911197e+56
-7.051232356606337e+18,998.2451631237841,894.195389522233,1033.12332633309,-1.7473946040911197e+56
-5.276869022182428e+18,994.2280835800772,944.9784623174522,1033.12332633309,-1.7473946040911197e+56
685.6640501643961,988.8079769336939,599.4506459677185,1033.12332633309,-1.7473946040911197e+56
-2.9588324939792415e+18,989.8765686478042,614.73816953473,1033.12332633309,-1.7473946040911197e+56
-7.83875472792415e+17,994.5904262094142,963.2465891367247,1033.12332633309,-1.7473946040911197e+56
-4.372072035650528e+17,1004.348146673379,971.5928990803723,1033.12332633309,-1.7473946040911197e+56
-3.7174738757068006e+18,995.695566988641,962.2203608531013,1033.12332633309,-1.7473946040911197e+56
-4.077837777752494e+18,1013.7885314803173,980.5234084230785,1033.12332633309,-1.7473946040911197e+56
-1.1939301621102406e+19,990.5082733203665,824.4780798459626,1033.12332633309,-1.7473946040911197e+56
-2.8823146417763164e+18,972.3596646103023,457.5084703295091,1033.12332633309,-1.7473946040911197e+56
-9.147294957910179e+18,1003.3197257373959,943.8994565183452,1033.12332633309,-1.7473946040911197e+56
-7.175087231004758e+17,998.686433288159,966.4079494251558,1033.12332633309,-1.7473946040911197e+56
718.4467229280264,1003.4379421081376,913.8544281676495,1033.12332633309,-1.7473946040911197e+56
-7.210978759561193e+18,992.5239407088017,812.6667833636741,1033.12332633309,-1.7473946040911197e+56
-4.939648543849264e+18,993.5315769848387,409.74946981070144,1033.12332633309,-1.7473946040911197e+56
-2.5050345055216584e+18,981.4009968260596,607.3483814405926,1033.12332633309,-1.7473946040911197e+56
-2.8421366341217664e+18,996.0538866281513,959.2064692454154,1033.12332633309,-1.7473946040911197e+56
-2.2844714936317497e+19,982.2697914383064,321.75935941239874,1033.12332633309,-1.7473946040911197e+56
-9.17767909089687e+18,1002.7380186091319,970.8957027502391,1033.12332633309,-1.7473946040911197e+56
680.3989694252095,993.2133395198333,783.3867965691467,1033.12332633309,-1.7473946040911197e+56
792.8765317344481,996.6102371315072,955.7208296603787,1033.12332633309,-1.7473946040911197e+56
-6.001793702365247e+16,991.7435682843774,936.9934388636182,1033.12332633309,-1.7473946040911197e+56
854.0127590009942,1002.477534496936,969.388432858096,1033.12332633309,-1.7473946040911197e+56
-1.779199154550675e+19,995.8463652609244,969.94302403103,1033.12332633309,-1.7473946040911197e+56
805.7682560576368,998.9681159551843,966.7239277764969,1033.12332633309,-1.7473946040911197e+56
-2.631972625386309e+19,992.0325885451023,948.4143059646747,1033.12332633309,-1.7473946040911197e+56
-5.803375697233283e+18,984.4713990451811,648.2553970261946,1033.12332633309,-1.7473946040911197e+56
-1.201003296844843e+19,987.2276419508183,878.7036047449543,1033.12332633309,-1.7473946040911197e+56
-3.4248064296527577e+19,990.7820264891899,970.2961986785007,1033.12332633309,-1.7473946040911197e+56
-2.28490505981068e+18,988.2376286161912,973.0877239123998,1033.12332633309,-1.7473946040911197e+56
-9.337213450050843e+17,991.4687656356343,607.9709224591032,1033.12332633309,-1.7473946040911197e+56
-1.99433736547815e+19,992.0067985609694,976.6514068884865,1033.12332633309,-1.7473946040911197e+56
892.7083485970305,989.306314577071,965.834907322329,1033.12332633309,-1.7473946040911197e+56
-1.9631584763337354e+17,989.9273710174325,828.2492205841916,1033.12332633309,-1.7473946040911197e+56
-3.9392794753152886e+18,993.1969449709768,964.7018181664221,1033.12332633309,-1.7473946040911197e+56
764.5554978463377,997.294927010855,970.0546629379863,1033.12332633309,-1.7473946040911197e+56
779.4798784478174,999.2181803905269,971.2152112280959,1033.12332633309,-1.7473946040911197e+56
787.7086780399557,993.7515823013383,976.1633693246433,1033.12332633309,-1.7473946040911197e+56
-2.861165246058865e+18,991.3253360679205,945.3048962552745,1033.12332633309,-1.7473946040911197e+56
-4.0945429358749307e+18,994.7355408924067,978.463900349685,1033.12332633309,-1.7473946040911197e+56
-6.820323539711273e+18,998.9386971017506,971.6912655969326,1033.12332633309,-1.7473946040911197e+56
-5.563196495762689e+19,998.5651503795015,476.6770099503181,1033.12332633309,-1.7473946040911197e+56
-5.397361191682747e+19,1000.0897159228224,679.6083709892617,1033.12332633309,-1.7473946040911197e+56
-8.088500909724091e+18,1016.2266669752786,967.2547759374767,1033.12332633309,-1.7473946040911197e+56
-6.905941777380459e+19,992.0185666213134,611.8212826515804,1033.12332633309,-1.7473946040911197e+56
-1.2010341224657058e+19,990.2151581559614,962.9999350462662,1033.12332633309,-1.7473946040911197e+56
-5.494355893604506e+19,998.3734598200181,971.7302963425902,1033.12332633309,-1.7473946040911197e+56
-4.901728391726693e+19,999.0098523809971,948.7552259491367,1033.12332633309,-1.7473946040911197e+56
-2.6796310329251975e+19,986.3077775118718,450.2656742681128,1033.12332633309,-1.7473946040911197e+56
876.4234433963121,1003.7048568439457,986.8460146881347,1033.12332633309,-1.7473946040911197e+56
-4.923544957186473e+20,997.2611481084812,670.3905653281806,1033.12332633309,-1.7473946040911197e+56
-1.314596902893735e+19,992.4075165491523,959.9738691898627,1033.12332633309,-1.7473946040911197e+56
-5.127964212462435e+20,996.136635618343,964.3787535895117,1033.12332633309,-1.7473946040911197e+56
-3.2628526224996e+19,995.2753033727521,953.6131858291873,1033.12332633309,-1.7473946040911197e+56
-5.457570681128773e+19,991.7511891426532,947.7891236522181,1033.12332633309,-1.7473946040911197e+56
-1.2194998385289259e+20,1000.0083621973098,911.2388006426728,1033.12332633309,-1.7473946040911197e+56
-6.884158129586016e+19,989.6408483682725,699.5153314699039,1033.12332633309,-1.7473946040911197e+56
-2.9859999727125516e+19,993.8211861283914,847.951197257305,1033.12332633309,-1.7473946040911197e+56
-1.9183701899981283e+19,994.6183972642141,969.2367621410056,1033.12332633309,-1.7473946040911197e+56
-3.0194797090390864e+19,996.0703325112545,974.2030576441955,1033.12332633309,-1.7473946040911197e+56
891.1068687827585,1001.0528578180043,969.0507080383804,1033.12332633309,-1.7473946040911197e+56
-1.3920068111795784e+19,996.7710072313898,956.2735098243111,1033.12332633309,-1.7473946040911197e+56
-9.88060741748767e+18,993.2437016314112,625.4906392978035,1033.12332633309,-1.7473946040911197e+56
850.0655433222354,996.9023812501714,978.3329300788831,1033.12332633309,-1.7473946040911197e+56
-5.398145567597256e+19,996.3201181394326,966.87513317906,1033.12332633309,-1.7473946040911197e+56
-8.380084824226865e+19,1001.731512067939,460.10196359572774,1033.12332633309,-1.7473946040911197e+56
-6.8665361083377385e+19,995.3159986497215,411.2088847245134,1033.12332633309,-1.7473946040911197e+56
-4.745712854653716e+19,1010.6472186689429,953.3452407893095,1033.12332633309,-1.7473946040911197e+56
-3.6502325279683703e+19,989.7203811029973,970.5200538134808,1033.12332633309,-1.7473946040911197e+56
-5.4914463912565375e+19,990.8057352694274,957.6378210288766,1033.12332633309,-1.7473946040911197e+56
-2.2257985565384315e+19,993.1910899431678,977.5582984035846,1033.12332633309,-1.7473946040911197e+56
-4.890448216908191e+19,997.3425933544096,971.216084981729,1033.12332633309,-1.7473946040911197e+56
872.612284729944,990.8936485610612,970.3170174074813,1033.12332633309,-1.7473946040911197e+56
-3.2087242697815434e+18,998.1268822485722,951.7495744264083,1033.12332633309,-1.7473946040911197e+56
-7.282556771517491e+17,994.7683925422399,947.3028763663488,1033.12332633309,-1.7473946040911197e+56
-2.4359842004922383e+18,990.3006297016336,953.1731272392399,1033.12332633309,-1.7473946040911197e+56
-1.6692179990089011e+19,988.4409552085058,736.8639373136418,1033.12332633309,-1.7473946040911197e+56
-5.4622228985618055e+19,988.4349271781401,940.0085632308984,1033.12332633309,-1.7473946040911197e+56
-2.8960105771279696e+19,991.3134416231021,967.9124755133607,1033.12332633309,-1.7473946040911197e+56
835.442488709753,1003.1563377089805,971.346773375317,1033.12332633309,-1.7473946040911197e+56
-3.4405381911917056e+19,1013.5660491528859,956.7342039048598,1033.12332633309,-1.7473946040911197e+56
-9.727590887096105e+19,994.7507495956871,967.1720616967729,1033.12332633309,-1.7473946040911197e+56
762.5736023380924,1003.1249527787812,973.8429616790429,1033.12332633309,-1.7473946040911197e+56
-8.042984030998217e+19,990.3087203249969,873.4508972935357,1033.12332633309,-1.7473946040911197e+56
-2.449692430476138e+20,1000.2440705017915,966.0403578291018,1033.12332633309,-1.7473946040911197e+56
-1.1804728269499642e+19,1018.4064362061597,954.9812640521955,1033.12332633309,-1.7473946040911197e+56
-1.2591241423798626e+19,993.9485062379513,953.4827797529716,1033.12332633309,-1.7473946040911197e+56
-2.3045138761795015e+19,994.6971215277443,728.8096251064871,1033.12332633309,-1.7473946040911197e+56
-8.048056572410384e+19,999.7830996278695,973.0717639948203,1033.12332633309,-1.7473946040911197e+56
-8.380577052923564e+18,989.1268225798602,506.11302876642407,1033.12332633309,-1.7473946040911197e+56
-1.2910823654913335e+20,998.7652989772938,877.3606769347732,1033.12332633309,-1.7473946040911197e+56
-6.774448645823798e+19,1002.8584773238522,975.969128256216,1033.12332633309,-1.7473946040911197e+56
-8.749798774572789e+19,998.0615331125811,957.1625372821379,1033.12332633309,-1.7473946040911197e+56
-8.836043124466292e+19,992.7012702383793,953.3261719479472,1033.12332633309,-1.7473946040911197e+56
-5.762003447545544e+19,995.5654827381999,974.7548256296749,1033.12332633309,-1.7473946040911197e+56
-4.150460624032273e+19,995.8796454879007,744.5983433503615,1033.12332633309,-1.7473946040911197e+56
695.4505847192884,1013.0941788577036,687.8674856428669,1033.12332633309,-1.7473946040911197e+56
-1.93182980224388e+20,995.0821227050926,972.3804104562516,1033.12332633309,-1.7473946040911197e+56
-1.2019865250618704e+19,990.1242259086107,966.1172143908178,1033.12332633309,-1.7473946040911197e+56
-5.053598452461302e+19,992.5822085042435,936.0343370931597,1033.12332633309,-1.7473946040911197e+56
788.7808278294684,1006.614861213397,970.8059505292167,1033.12332633309,-1.7473946040911197e+56
670.9936342781534,1007.3253128246765,537.1695694535424,1033.12332633309,-1.7473946040911197e+56
-2.201693631327866e+20,994.5078831346283,946.4781346947453,1033.12332633309,-1.7473946040911197e+56
-2.8737579505009177e+19,1022.0956093794032,978.7387329261467,1033.12332633309,-1.7473946040911197e+56
812.7123808193716,996.7052705831622,968.4938198736791,1033.12332633309,-1.7473946040911197e+56
-4.837167784626916e+20,998.74246285335,950.3961450446125,1033.12332633309,-1.7473946040911197e+56
-4.150503887312508e+20,1000.2752003683976,781.009576319197,1033.12332633309,-1.7473946040911197e+56
-8.669811058941596e+19,994.7466091553566,974.915352128108,1033.12332633309,-1.7473946040911197e+56
867.4902902753763,996.4568125702373,969.5886779534654,1033.12332633309,-1.7473946040911197e+56
928.403975584495,1000.2905804874639,969.9793103965674,1033.12332633309,-1.7473946040911197e+56
-2.028136040658464e+20,1016.9854236485635,974.5027682969541,1033.12332633309,-1.7473946040911197e+56
-6.410024020613477e+19,986.9878665254133,634.4693862430801,1033.12332633309,-1.7473946040911197e+56
857.7086763521536,1009.7152440339934,981.366220194388,1033.12332633309,-1.7473946040911197e+56
-1.8910005918163583e+19,995.8138591825536,688.9992934939099,1033.12332633309,-1.7473946040911197e+56
-4.677265072015889e+19,1015.8351001397724,970.446006312314,1033.12332633309,-1.7473946040911197e+56
880.3111948227261,1002.7971253157265,978.0155957322522,1033.12332633309,-1.7473946040911197e+56
756.1214609900147,991.479369528204,969.4356838096124,1033.12332633309,-1.7473946040911197e+56
-1.3076914716223896e+19,986.9261702292946,505.9511888189042,1033.12332633309,-1.7473946040911197e+56
-1.7761144858238684e+20,990.3460445495292,970.6150426285951,1033.12332633309,-1.7473946040911197e+56
-6.291534900062509e+19,1010.4945081990737,976.1584542202038,1033.12332633309,-1.7473946040911197e+56
-3.1226759274139455e+19,1010.8982894590323,964.5116478748487,1033.12332633309,-1.7473946040911197e+56
-6.158992473555517e+20,1001.2892421898507,946.4772226287657,1033.12332633309,-1.7473946040911197e+56
-5.774322322027904e+20,1002.5271213553881,955.5663814632036,1033.12332633309,-1.7473946040911197e+56
-7.102096540331682e+20,994.9577266098026,939.6722337473851,1033.12332633309,-1.7473946040911197e+56
-1.0370734619823587e+20,1017.6695036836269,978.9639175404416,1033.12332633309,-1.7473946040911197e+56
-1.7534053071055712e+21,998.0119392912119,940.5463803604998,1033.12332633309,-1.7473946040911197e+56
-2.3781070193608013e+20,1013.5053885482189,963.2534353058586,1033.12332633309,-1.7473946040911197e+56
-3.668349082614906e+20,996.4592949270548,956.8605912047527,1033.12332633309,-1.7473946040911197e+56
-1.1349439274499146e+21,990.1724584883954,801.9861886030677,1033.12332633309,-1.7473946040911197e+56
-6.7126026635745e+20,996.2591926815206,937.386457725844,1033.12332633309,-1.7473946040911197e+56
747.1420117829482,1002.5664754473211,943.0274853759917,1033.12332633309,-1.7473946040911197e+56
-6.834909109019414e+20,1004.4072471131987,982.4133036652223,1033.12332633309,-1.7473946040911197e+56
-4.778526870713684e+20,1010.0472169795707,971.3202782842785,1033.12332633309,-1.7473946040911197e+56
652.4183559871005,991.1899986845979,707.769857039664,1033.12332633309,-1.7473946040911197e+56
-1.104075866446421e+21,1000.1415158713143,979.5014097107882,1033.12332633309,-1.7473946040911197e+56
-1.5869659239772648e+20,994.1417310732589,943.0809929448413,1033.12332633309,-1.7473946040911197e+56
-1.0944898618745911e+21,1003.5888156649662,424.2157093364499,1033.12332633309,-1.7473946040911197e+56
-1.2861960272264485e+20,1008.1725135133364,959.1472763302734,1033.12332633309,-1.7473946040911197e+56
-1.9405197176472322e+20,1003.4143371721093,975.8401772310692,1033.12332633309,-1.7473946040911197e+56
-2.4324412738627754e+20,996.8729256380119,955.4522186533463,1033.12332633309,-1.7473946040911197e+56
-1.185554210518508e+18,997.1743061492011,978.5791603042736,1033.12332633309,-1.7473946040911197e+56
-1.3221272578427695e+19,998.6628169299528,974.4908660641697,1033.12332633309,-1.7473946040911197e+56
-1.1520816234200717e+21,1006.2438313208086,624.4423135375487,1033.12332633309,-1.7473946040911197e+56
-1.3618555967063704e+21,999.40917161617,458.06489615007655,1033.12332633309,-1.7473946040911197e+56
-9.884559044839123e+19,1019.8973998258019,971.512213397197,1033.12332633309,-1.7473946040911197e+56
-2.3441513013925056e+20,997.3047590325626,978.8159993583504,1033.12332633309,-1.7473946040911197e+56
-7.0664293521347305e+19,993.0807488820592,949.1745583101253,1033.12332633309,-1.7473946040911197e+56
-5.433077053624511e+20,1002.5519796875753,974.284080615131,1033.12332633309,-1.7473946040911197e+56
-9.021885083158171e+19,1002.4198845659831,981.3862596599605,1033.12332633309,-1.7473946040911197e+56
-3.157024549405865e+20,1012.304754944992,436.90285858027596,1033.12332633309,-1.7473946040911197e+56
830.7126660996929,1011.1680479874944,977.2631915324072,1033.12332633309,-1.7473946040911197e+56
-1.4708678445159013e+20,993.7920647602868,956.4793203957668,1033.12332633309,-1.7473946040911197e+56
-8.030319905210094e+19,995.0702532613578,494.0636560598846,1033.12332633309,-1.7473946040911197e+56
-1.8242924728483185e+19,995.5558445339096,959.3700303978568,1033.12332633309,-1.7473946040911197e+56
-1.378763522777256e+21,1008.8093323332834,944.4442998315534,1033.12332633309,-1.7473946040911197e+56
-6.507389165170768e+20,1013.2670110186403,977.6368821432628,1033.12332633309,-1.7473946040911197e+56
-8.898328982214518e+19,1004.7831473955509,978.1997238185023,1033.12332633309,-1.7473946040911197e+56
-2.0759514876134707e+19,992.2342094003844,945.9932483417591,1033.12332633309,-1.7473946040911197e+56
-2.7654425597277952e+20,991.1767815685685,965.8335052267915,1033.12332633309,-1.7473946040911197e+56
-9.318296706243115e+19,994.5063959137717,976.2480003407267,1033.12332633309,-1.7473946040911197e+56
-1.3487815871031086e+21,1010.7953218077772,959.3291922403629,1033.12332633309,-1.7473946040911197e+56
-3.3228817399879166e+20,1004.4481048227217,983.9279723099597,1033.12332633309,-1.7473946040911197e+56
-1.284139552313738e+21,1002.6520968267284,971.0213149925409,1033.12332633309,-1.7473946040911197e+56
-2.475540196781079e+18,997.3871618736297,968.6825066704174,1033.12332633309,-1.7473946040911197e+56
-3.146451290759719e+20,993.242059694563,939.0826560559395,1033.12332633309,-1.7473946040911197e+56
-8.899483972145797e+20,994.9675951283635,952.0895495572282,1033.12332633309,-1.7473946040911197e+56
-1.0943404306800658e+21,1007.8065067716315,984.0586875909644,1033.12332633309,-1.7473946040911197e+56
-2.272220703852583e+20,1009.0647505905821,970.6769415856024,1033.12332633309,-1.7473946040911197e+56
-7.125643476009269e+20,996.3225763438528,976.2936773534761,1033.12332633309,-1.7473946040911197e+56
-1.339215651831766e+21,1005.3892445824154,941.5046553330002,1033.12332633309,-1.7473946040911197e+56
-6.703809780216605e+20,997.1296565099276,969.8121221279212,1033.12332633309,-1.7473946040911197e+56
-1.265746772031178e+20,999.2124720785753,980.5546747943619,1033.12332633309,-1.7473946040911197e+56
-2.6441356659086574e+21,1004.010584222249,970.3364098241856,1033.12332633309,-1.7473946040911197e+56
865.237988979183,1015.4271860801424,982.6272755687221,1033.12332633309,-1.7473946040911197e+56
-1.982455140665013e+20,1010.469538212654,699.5717532988227,1033.12332633309,-1.7473946040911197e+56
-6.548365681850226e+20,1002.4708969631471,962.0082515281687,1033.12332633309,-1.7473946040911197e+56
-3.596331269543841e+20,998.8910047900671,960.4867052048346,1033.12332633309,-1.7473946040911197e+56
-1.7136600889627406e+21,1003.1152966092196,677.7584445240783,1033.12332633309,-1.7473946040911197e+56
733.4966078854677,1011.8219046241154,963.3417032264015,1033.12332633309,-1.7473946040911197e+56
-1.7102256376968076e+21,999.8538376604215,576.7017189244841,1033.12332633309,-1.7473946040911197e+56
-3.477192400253053e+20,1006.891341017153,975.4882833603066,1033.12332633309,-1.7473946040911197e+56
-5.4346762876756345e+19,1005.209308642798,961.1292707971251,1033.12332633309,-1.7473946040911197e+56
-9.073716782719055e+20,1002.1569046572342,973.8203154494485,1033.12332633309,-1.7473946040911197e+56
-2.6657424706531156e+21,1006.1532470781951,973.1228711098166,1033.12332633309,-1.7473946040911197e+56
-1.3440433523884758e+21,1013.1703611122676,661.2497430271239,1033.12332633309,-1.7473946040911197e+56
-2.5557591587322515e+21,1000.367891604721,962.0031327332348,1033.12332633309,-1.7473946040911197e+56
-5.5256226341295214e+20,992.4187557390411,511.5896764535491,1033.12332633309,-1.7473946040911197e+56
-3.711297872194307e+21,1001.3198465392081,961.0537516931939,1033.12332633309,-1.7473946040911197e+56
-1.9086562380077468e+21,997.2702243846471,897.9581619039958,1033.12332633309,-1.7473946040911197e+56
-1.0609159571235548e+22,1001.2966252200279,834.833778184935,1033.12332633309,-1.7473946040911197e+56
-4.7218745496258106e+21,992.0757392908308,381.67347359687574,1033.12332633309,-1.7473946040911197e+56
-3.8916252711719934e+20,991.6540694305986,784.1191186105035,1033.12332633309,-1.7473946040911197e+56
-1.7481033069075562e+21,992.1726867165196,940.8729818202829,1033.12332633309,-1.7473946040911197e+56
-3.3144107309322553e+21,994.604013476376,936.2211985078453,1033.12332633309,-1.7473946040911197e+56
-2.356757459246373e+21,994.5312552480741,972.3708036572618,1033.12332633309,-1.7473946040911197e+56
-9.454773985641883e+20,997.3660749659756,968.3877571383008,1033.12332633309,-1.7473946040911197e+56
-8.107196615956288e+20,1002.4285611266903,976.4931803825822,1033.12332633309,-1.7473946040911197e+56
-2.032733556518832e+20,1007.7353550528532,973.0953226902539,1033.12332633309,-1.7473946040911197e+56
-1.755893470088334e+21,1000.2602111299203,967.0228722562892,1033.12332633309,-1.7473946040911197e+56
910.36150488332,1004.8344627231835,989.6619053989051,1033.12332633309,-1.7473946040911197e+56
-2.0813740356505693e+21,1005.186739718543,977.7677887278086,1033.12332633309,-1.7473946040911197e+56
-2.169294142929502e+20,1005.9177824093435,990.0935875902699,1033.12332633309,-1.7473946040911197e+56
-4.5648542730749823e+21,1006.5769743672589,979.4436148308401,1033.12332633309,-1.7473946040911197e+56
-7.577151152889004e+20,1004.7239345015906,556.4652675500107,1033.12332633309,-1.7473946040911197e+56
-3.5679163042545376e+21,1020.7763927148758,625.3748737543408,1033.12332633309,-1.7473946040911197e+56
-6.235028917657106e+20,1006.5801680837586,963.7602175522096,1033.12332633309,-1.7473946040911197e+56
-4.0633757462985997e+21,1006.8642112765834,679.1594605591331,1033.12332633309,-1.7473946040911197e+56
-1.8654020090410162e+21,1007.3350128631713,980.6601744766334,1033.12332633309,-1.7473946040911197e+56
-1.505960342144045e+22,991.7726654871952,403.9350816416728,1033.12332633309,-1.7473946040911197e+56
-1.2134188661100524e+20,1002.9178398571819,975.6928739288129,1033.12332633309,-1.7473946040911197e+56
928.5999222111919,1004.5246979724552,980.9899189550189,1033.12332633309,-1.7473946040911197e+56
-3.7626329338156045e+21,1002.1556238437355,978.4894610463182,1033.12332633309,-1.7473946040911197e+56
-8.570351193207711e+21,1005.6018685757091,947.8210973065753,1033.12332633309,-1.7473946040911197e+56
-5.651974363300249e+20,1002.0275537710023,991.8431148416627,1033.12332633309,-1.7473946040911197e+56
-7.679696869326313e+21,1004.9216399705305,975.2214130617432,1033.12332633309,-1.7473946040911197e+56
-3.048631144645767e+21,1003.5538464263061,968.4172142866414,1033.12332633309,-1.7473946040911197e+56
-3.4801681199866173e+21,1008.1430122485824,950.2702277835499,1033.12332633309,-1.7473946040911197e+56
-1.190564721429054e+21,1005.0289856270756,950.0654374104112,1033.12332633309,-1.7473946040911197e+56
-8.549941994644135e+21,1005.2011156553966,943.767724736588,1033.12332633309,-1.7473946040911197e+56
-5.903577611412155e+21,1005.1875701846285,970.2926805292634,1033.12332633309,-1.7473946040911197e+56
-5.514887934449798e+21,1003.0650310735778,989.3393543007483,1033.12332633309,-1.7473946040911197e+56
802.6090153861398,1003.8727183418538,984.762334256046,1033.12332633309,-1.7473946040911197e+56
-7.90140021616288e+21,1004.8531295737308,962.330758632895,1033.12332633309,-1.7473946040911197e+56
-1.556537473934994e+22,1005.9959551643145,754.4079565130253,1033.12332633309,-1.7473946040911197e+56
-1.0809793604337275e+22,1004.3950474994457,348.0401539682071,1033.12332633309,-1.7473946040911197e+56
-6.56408772798552e+21,1005.0899673572567,985.3404658794032,1033.12332633309,-1.7473946040911197e+56
-1.7528591544756467e+21,990.0803024575742,677.2720996129501,1033.12332633309,-1.7473946040911197e+56
-1.1491454249710661e+21,1003.2574872641962,963.3568787404721,1033.12332633309,-1.7473946040911197e+56
-4.987250022212156e+21,1011.397050663791,978.2910415477405,1033.12332633309,-1.7473946040911197e+56
-9.360889091285529e+22,1005.684462579654,953.3354828906436,1033.12332633309,-1.7473946040911197e+56
-1.0046566160804535e+23,1010.4210992703071,479.04047564044913,1033.12332633309,-1.7473946040911197e+56
-4.752523489139609e+21,1006.0393414752183,952.7111042359595,1033.12332633309,-1.7473946040911197e+56
-1.2454114160393278e+22,1001.3407598773359,976.9675688065481,1033.12332633309,-1.7473946040911197e+56
-5.132540365467342e+21,994.5960220502096,787.687960062579,1033.12332633309,-1.7473946040911197e+56
-6.50629365855721e+21,991.1048234924025,967.2218275281214,1033.12332633309,-1.7473946040911197e+56
-7.198238994836328e+20,1005.0332650201113,414.84790188574976,1033.12332633309,-1.7473946040911197e+56
-1.1007032794537581e+23,998.1765795773342,634.0544719513853,1033.12332633309,-1.7473946040911197e+56
667.5882614141243,993.2780116363108,949.6950913238076,1033.12332633309,-1.7473946040911197e+56
924.4259200437735,1011.3266365470585,983.7951075399509,1033.12332633309,-1.7473946040911197e+56
-2.2943190751991164e+21,998.3845803433272,976.7361043064207,1033.12332633309,-1.7473946040911197e+56
-5.185687369844312e+21,1013.9837333505111,980.1975104850774,1033.12332633309,-1.7473946040911197e+56
-1.438068489182753e+21,997.0134033707611,961.6091147657887,1033.12332633309,-1.7473946040911197e+56
-6.197090932027197e+21,996.9887688526194,980.8116778951537,1033.12332633309,-1.7473946040911197e+56
910.3505209611527,998.1217393869966,976.9182297011419,1033.12332633309,-1.7473946040911197e+56
843.7657242882035,1000.1114620102356,974.7839063004692,1033.12332633309,-1.7473946040911197e+56
-4.6188918050933126e+21,998.893965718443,963.3238444283729,1033.12332633309,-1.7473946040911197e+56
-1.8581432998565597e+22,998.4312486178395,975.9322517833332,1033.12332633309,-1.7473946040911197e+56
-1.3027977311518921e+22,1002.8766191608613,382.1519815715491,1033.12332633309,-1.7473946040911197e+56
-8.600504664089982e+21,999.3194707186547,583.3495541172814,1033.12332633309,-1.7473946040911197e+56
-6.342832325457956e+21,1001.891359265214,947.2400660653315,1033.12332633309,-1.7473946040911197e+56
-1.4205825644592129e+22,1003.4736670530862,983.4578093885508,1033.12332633309,-1.7473946040911197e+56
-3.6984975916526904e+21,989.9002417752477,673.5842310807095,1033.12332633309,-1.7473946040911197e+56
-1.5735180115357311e+22,997.7202533584201,955.6119148051745,1033.12332633309,-1.7473946040911197e+56
-1.2744200285064106e+21,1004.6033510836023,75.88573311239514,1033.12332633309,-1.7473946040911197e+56
-2.006660439365222e+22,997.3295973588008,940.3053295309555,1033.12332633309,-1.7473946040911197e+56
-1.0394360965337583e+21,994.4082048582209,929.9584658931399,1033.12332633309,-1.7473946040911197e+56
-7.747437574069907e+21,1003.9892319012347,975.3168291255035,1033.12332633309,-1.7473946040911197e+56
-1.0114062612957735e+21,1005.8216584254052,980.8659720452896,1033.12332633309,-1.7473946040911197e+56
-1.951737321622653e+22,1004.4115149651319,967.3169406577779,1033.12332633309,-1.7473946040911197e+56
-3.3009236251713674e+22,996.2182911270311,974.7610388595963,1033.12332633309,-1.7473946040911197e+56
-1.9736299637772174e+21,1001.6545294295663,944.660458824666,1033.12332633309,-1.7473946040911197e+56
908.1394070414898,1001.9887446918955,978.8154550841319,1033.12332633309,-1.7473946040911197e+56
-1.7162208986447628e+22,1010.6679479786472,969.625583940716,1033.12332633309,-1.7473946040911197e+56
-1.166948586996196e+22,1013.0905929326779,983.9706897196364,1033.12332633309,-1.7473946040911197e+56
-1.885575620027698e+21,1007.1910330179785,967.0105383076134,1033.12332633309,-1.7473946040911197e+56
894.6957434809431,1001.8968042921971,981.280062889515,1033.12332633309,-1.7473946040911197e+56
694.618249400625,998.2979348457058,949.803212891139,1033.12332633309,-1.7473946040911197e+56
-1.1476568339364499e+22,1005.5872315166275,671.9483305136614,1033.12332633309,-1.7473946040911197e+56
820.1836775955691,1013.3397451365979,979.692173947158,1033.12332633309,-1.7473946040911197e+56
-1.679859839319193e+22,1011.2630764304174,791.4367403839173,1033.12332633309,-1.7473946040911197e+56
-5.873878482818097e+21,1006.8592632715481,963.613410889919,1033.12332633309,-1.7473946040911197e+56
-2.2314114173717156e+21,998.749193354544,975.8528809182217,1033.12332633309,-1.7473946040911197e+56
-1.8581318568075336e+22,994.8835686381503,494.9104248291716,1033.12332633309,-1.7473946040911197e+56
-1.9831864484075099e+21,1003.8153548350767,964.411299032649,1033.12332633309,-1.7473946040911197e+56
-1.2935684234218719e+22,1002.5982657814822,616.522050019991,1033.12332633309,-1.7473946040911197e+56
-7.341094881907286e+21,1013.745301809627,978.1050607281085,1033.12332633309,-1.7473946040911197e+56
-5.62368459185932e+21,1026.363361279738,969.365632236268,1033.12332633309,-1.7473946040911197e+56
-5.002949120908253e+23,988.058018160535,965.989974076191,1033.12332633309,-1.7473946040911197e+56
-4.926949357201853e+21,992.8337209814572,971.8071965759984,1033.12332633309,-1.7473946040911197e+56
-3.8693186948341426e+20,992.3127742330237,976.8466851634903,1033.12332633309,-1.7473946040911197e+56
-2.237263803149933e+22,1016.1144080989031,942.9387422116125,1033.12332633309,-1.7473946040911197e+56
-1.5693157222798603e+21,999.5454879688056,973.8238297274626,1033.12332633309,-1.7473946040911197e+56
812.993557561913,1013.3870254457079,965.1508232008896,1033.12332633309,-1.7473946040911197e+56
-3.9129373753508705e+21,1007.1582893896665,969.7439746973575,1033.12332633309,-1.7473946040911197e+56
-1.7394266429369973e+22,987.7200833577336,933.4237205121188,1033.12332633309,-1.7473946040911197e+56
-5.211827290416404e+22,996.5243422380781,904.8068466847167,1033.12332633309,-1.7473946040911197e+56
-1.623483609829924e+21,1004.0114745745364,968.1845148470326,1033.12332633309,-1.7473946040911197e+56
-3.639721113168075e+21,1008.341054194985,978.2659821446254,1033.12332633309,-1.7473946040911197e+56
-2.9187334549712425e+22,1010.3068134705528,976.2574387016762,1033.12332633309,-1.7473946040911197e+56
-6.7889236009226e+23,999.673947584305,970.404652112231,1033.12332633309,-1.7473946040911197e+56
-4.571240991721879e+22,993.214696686503,963.1983892325799,1033.12332633309,-1.7473946040911197e+56
796.4111784712097,994.1519317703661,974.99453830803,1033.12332633309,-1.7473946040911197e+56
-2.1184744149148133e+21,1041.9989654524677,988.7643673202966,1041.9989654524677,-1.7473946040911197e+56
-6.026336268314333e+22,1005.6995587978723,980.061109839249,1041.9989654524677,-1.7473946040911197e+56
-6.035354976181284e+22,1004.271132158647,950.2718986918871,1041.9989654524677,-1.7473946040911197e+56
-9.578431581336862e+21,994.8061367416274,972.4744635737524,1041.9989654524677,-1.7473946040911197e+56
-5.6851045539399376e+22,997.4511649467631,964.9869188110313,1041.9989654524677,-1.7473946040911197e+56
-4.270396712195127e+21,998.8271084711838,981.3040007710401,1041.9989654524677,-1.7473946040911197e+56
-7.201725302455909e+22,1006.7190906076505,841.3697788830098,1041.9989654524677,-1.7473946040911197e+56
-5.211345735330558e+22,999.3985496797235,953.1665512792239,1041.9989654524677,-1.7473946040911197e+56
-8.342766062869365e+23,998.4862617387481,966.5721421109571,1041.9989654524677,-1.7473946040911197e+56
-2.0312393746957766e+23,993.0361483573076,947.4361734141457,1041.9989654524677,-1.7473946040911197e+56
-3.932668313626297e+22,1002.1289779072384,971.4899776073329,1041.9989654524677,-1.7473946040911197e+56
-4.8286826555412e+22,1002.4127687991632,970.4857041354614,1041.9989654524677,-1.7473946040911197e+56
-7.961218689279893e+22,1001.1422492153673,538.2837490879436,1041.9989654524677,-1.7473946040911197e+56
-2.496048614605609e+23,1009.6910868413835,973.0504299409419,1041.9989654524677,-1.7473946040911197e+56
906.5317464855628,1007.8898802064109,978.3715647968767,1041.9989654524677,-1.7473946040911197e+56
-8.310663530850709e+22,1001.7347903776509,957.7630705732225,1041.9989654524677,-1.7473946040911197e+56
-1.2857434241382244e+23,1000.7509125875018,956.9079077046285,1041.9989654524677,-1.7473946040911197e+56
-3.7170799601336105e+22,1004.6157876551093,969.5011185606959,1041.9989654524677,-1.7473946040911197e+56
-1.4682491784607223e+23,1007.4675032673849,918.8761514973846,1041.9989654524677,-1.7473946040911197e+56
-2.1879553671871477e+23,1003.6573277912132,976.0510539949419,1041.9989654524677,-1.7473946040911197e+56
-1.2100924855229115e+23,1011.0732992466285,966.474495850115,1041.9989654524677,-1.7473946040911197e+56
-3.0939300416176104e+23,999.8196522858788,969.1299983019393,1041.9989654524677,-1.7473946040911197e+56
-9.437139880882317e+22,995.804329559271,950.5853662011068,1041.9989654524677,-1.7473946040911197e+56
-4.034407929237486e+22,1001.760886937483,982.8192331595209,1041.9989654524677,-1.7473946040911197e+56
-3.1138774313770073e+24,1008.0013215687216,948.984980185402,1041.9989654524677,-1.7473946040911197e+56
-4.721643249418839e+22,999.5327519479408,971.0997865738858,1041.9989654524677,-1.7473946040911197e+56
-1.2905332512558623e+23,1016.5747243901134,983.3780390841098,1041.9989654524677,-1.7473946040911197e+56
-2.2703290665569476e+23,999.7533043684564,971.596120356288,1041.9989654524677,-1.7473946040911197e+56
-1.5220661520345296e+23,996.6511041848845,968.4525035448731,1041.9989654524677,-1.7473946040911197e+56
-2.684511194295787e+23,993.3162821413048,573.3815363580136,1041.9989654524677,-1.7473946040911197e+56
-1.713041353953166e+23,1011.4080384950164,959.3148121742605,1041.9989654524677,-1.7473946040911197e+56
-5.874055762786391e+22,1002.8781984004469,966.0394292550557,1041.9989654524677,-1.7473946040911197e+56
-1.041728287188809e+23,1011.6963218885821,954.4855056984493,1041.9989654524677,-1.7473946040911197e+56
-3.366933898934038e+23,998.3728214520422,929.7827000073236,1041.9989654524677,-1.7473946040911197e+56
-2.0854640695757326e+23,1018.4737420730139,959.4697963776609,1041.9989654524677,-1.7473946040911197e+56
-3.626910349608864e+23,1001.3843335234321,966.7611645999664,1041.9989654524677,-1.7473946040911197e+56
-6.589937068231507e+22,999.2955992167256,973.3294539399128,1041.9989654524677,-1.7473946040911197e+56
-9.500415993236812e+22,1003.4958063816016,958.2616114477989,1041.9989654524677,-1.7473946040911197e+56
-1.5315820736863745e+23,1025.1397420548456,985.3336435064995,1041.9989654524677,-1.7473946040911197e+56
-1.4277212660466427e+23,1011.1469165794002,979.2703383289969,1041.9989654524677,-1.7473946040911197e+56
-1.519453440933274e+23,996.5697473246653,977.1647323157048,1041.9989654524677,-1.7473946040911197e+56
-3.635850551838972e+23,989.4686180176332,937.2685390196674,1041.9989654524677,-1.7473946040911197e+56
-3.0108036914062942e+23,999.2256668093539,849.2673198009508,1041.9989654524677,-1.7473946040911197e+56
909.2213960420505,1020.3373567488798,981.6342813967966,1041.9989654524677,-1.7473946040911197e+56
931.6508813733774,1000.0957510555739,970.6258690947017,1041.9989654524677,-1.7473946040911197e+56
-6.1832580770930325e+22,991.4128577554893,959.6684175351572,1041.9989654524677,-1.7473946040911197e+56
-1.4407527205477833e+22,992.5905071275896,966.1003391181958,1041.9989654524677,-1.7473946040911197e+56
-6.760102505574232e+21,993.8261787196461,972.4792664756494,1041.9989654524677,-1.7473946040911197e+56
-3.0580232192161903e+23,1011.9829569250621,967.3501665463383,1041.9989654524677,-1.7473946040911197e+56
-5.816930920877909e+22,1010.1047717272468,975.256457360971,1041.9989654524677,-1.7473946040911197e+56
811.9198051237804,992.0716865725752,962.0275499764107,1041.9989654524677,-1.7473946040911197e+56
-2.310522984049986e+23,993.7248721995544,980.1881896879324,1041.9989654524677,-1.7473946040911197e+56
791.2193414064649,999.6251916451092,972.6166918111625,1041.9989654524677,-1.7473946040911197e+56
749.6457454361836,997.6403755256376,976.0957860288179,1041.9989654524677,-1.7473946040911197e+56
-7.785648530359299e+21,1005.3438174768588,972.8755585310149,1041.9989654524677,-1.7473946040911197e+56
929.27706878765,1017.9952695690868,980.3584026778171,1041.9989654524677,-1.7473946040911197e+56
-4.0153731602383246e+23,993.5092720919708,973.6589616121865,1041.9989654524677,-1.7473946040911197e+56
-2.1542370553680923e+22,996.1683329689802,657.5792788323434,1041.9989654524677,-1.7473946040911197e+56
-5.207121879869689e+22,1001.0456152838766,453.2200823869977,1041.9989654524677,-1.7473946040911197e+56
-1.9509769968066392e+23,1003.4635108386434,419.2766893403446,1041.9989654524677,-1.7473946040911197e+56
-4.140333710757669e+23,1017.407134501568,969.0957578213764,1041.9989654524677,-1.7473946040911197e+56
-1.7677517751388272e+23,1001.5279628197079,972.3570571592775,1041.9989654524677,-1.7473946040911197e+56
-1.930180761123002e+23,1005.1992418983147,954.513189195809,1041.9989654524677,-1.7473946040911197e+56
-1.0531071960741601e+23,997.6804438063347,923.7356912092836,1041.9989654524677,-1.7473946040911197e+56
-1.242510489986783e+23,997.6516609156822,368.35537038721475,1041.9989654524677,-1.7473946040911197e+56
-1.5654393455326828e+23,993.067114609071,943.8482842886009,1041.9989654524677,-1.7473946040911197e+56
-3.854074929941309e+22,1003.118517828814,986.223639116895,1041.9989654524677,-1.7473946040911197e+56
-4.571083679783187e+23,995.7770702238153,975.8852679635115,1041.9989654524677,-1.7473946040911197e+56
-4.367476011474775e+23,1003.5673976510233,970.8789001110777,1041.9989654524677,-1.7473946040911197e+56
-4.253850868701558e+23,995.5067207895582,515.986179176694,1041.9989654524677,-1.7473946040911197e+56
-1.2407082009825257e+23,996.8801761966888,974.9558482219381,1041.9989654524677,-1.7473946040911197e+56
503.2486190645831,993.8769836407603,444.0578363409443,1041.9989654524677,-1.7473946040911197e+56
819.5246470758836,1003.8030002552819,962.583659278804,1041.9989654524677,-1.7473946040911197e+56
732.4387721608513,1011.3949861549323,976.3163220724741,1041.9989654524677,-1.7473946040911197e+56
-2.1474363098568108e+23,1008.2428576828893,957.9139388029764,1041.9989654524677,-1.7473946040911197e+56
669.790344971709,989.6029009133792,967.4082998635868,1041.9989654524677,-1.7473946040911197e+56
-1.8736014781116726e+23,997.5726255343383,963.5433972774058,1041.9989654524677,-1.7473946040911197e+56
-2.3576570356099276e+23,998.3739405298747,948.057139374251,1041.9989654524677,-1.7473946040911197e+56
843.961832112942,1004.761327876268,982.5508209239902,1041.9989654524677,-1.7473946040911197e+56
-5.099727822167458e+23,1037.2115646489378,981.372459168767,1041.9989654524677,-1.7473946040911197e+56
-1.3178888114919702e+24,1000.0219244642187,966.0953695292225,1041.9989654524677,-1.7473946040911197e+56
-4.11719793936826e+23,1003.244199763226,975.0419341729171,1041.9989654524677,-1.7473946040911197e+56
-1.4664157440487976e+24,1001.9394908455017,971.4207439361968,1041.9989654524677,-1.7473946040911197e+56
747.7165389787992,998.5230173689497,964.3271218448664,1041.9989654524677,-1.7473946040911197e+56
-7.272200045112163e+23,1006.1014738491758,981.3941593196729,1041.9989654524677,-1.7473946040911197e+56
-6.51516524222487e+23,1009.390091595633,960.9264174209504,1041.9989654524677,-1.7473946040911197e+56
-2.4098625086642095e+23,1007.0196350985998,977.5441458713522,1041.9989654524677,-1.7473946040911197e+56
-6.421166895205273e+22,1000.8131321250722,961.002370039176,1041.9989654524677,-1.7473946040911197e+56
-9.270911890340968e+22,998.5736909555092,388.0823784203281,1041.9989654524677,-1.7473946040911197e+56
-3.0414225376348532e+22,997.3515215047476,456.78848095771133,1041.9989654524677,-1.7473946040911197e+56
-3.861995689936627e+23,1013.0844732968425,980.9692586837779,1041.9989654524677,-1.7473946040911197e+56
-5.238832823103249e+22,1016.7689945235056,981.0146393024644,1041.9989654524677,-1.7473946040911197e+56
-6.963981672115117e+23,1017.7682067032179,977.5339071614937,1041.9989654524677,-1.7473946040911197e+56
816.3460669173452,1002.9636602489397,968.559342870261,1041.9989654524677,-1.7473946040911197e+56
831.8298402844589,1002.7959597249887,966.2427073493186,1041.9989654524677,-1.7473946040911197e+56
-9.332300105319895e+24,997.9886051647046,966.1519939771729,1041.9989654524677,-1.7473946040911197e+56
-3.204862481511423e+23,1018.9822190171271,975.8524389165327,1041.9989654524677,-1.7473946040911197e+56
-1.415231458419454e+23,1003.9397251962591,969.6020125901773,1041.9989654524677,-1.7473946040911197e+56
-5.173925206657373e+22,996.484312408885,971.1867616444729,1041.9989654524677,-1.7473946040911197e+56
-2.869396750977576e+22,997.5665033695407,955.1084631533248,1041.9989654524677,-1.7473946040911197e+56
-5.726772361735043e+23,995.0706764416121,950.1284533200537,1041.9989654524677,-1.7473946040911197e+56
-1.168301338592086e+24,999.1848037097004,976.6083767504537,1041.9989654524677,-1.7473946040911197e+56
839.5517539959163,1013.0748304797177,981.6541861724752,1041.9989654524677,-1.7473946040911197e+56
-1.2182961805101806e+23,1006.9471892487189,985.2672367191493,1041.9989654524677,-1.7473946040911197e+56
-1.0191863920260165e+24,1004.3877937410382,975.7851484106819,1041.9989654524677,-1.7473946040911197e+56
738.8352890592785,1001.831835503057,961.2635981798614,1041.9989654524677,-1.7473946040911197e+56
635.0090453465909,1007.4169800969345,966.3185993117446,1041.9989654524677,-1.7473946040911197e+56
-2.3882606712164056e+24,1004.7517726532184,964.559899394276,1041.9989654524677,-1.7473946040911197e+56
-7.437284555384882e+22,1011.8921339972711,984.899302958161,1041.9989654524677,-1.7473946040911197e+56
-1.6747734763460046e+24,997.9673111349215,448.5357078397685,1041.9989654524677,-1.7473946040911197e+56
-1.92310539722464e+24,1003.5105357923898,959.5834413433656,1041.9989654524677,-1.7473946040911197e+56
-8.059893424236224e+22,1008.0862971983001,957.2113813978561,1041.9989654524677,-1.7473946040911197e+56
746.7615930065716,1003.9150756654781,972.3592489525253,1041.9989654524677,-1.7473946040911197e+56
-1.401821621035922e+24,1006.6284765403748,703.0114725506394,1041.9989654524677,-1.7473946040911197e+56
-6.700322554304593e+23,1006.428379192059,532.0429844311867,1041.9989654524677,-1.7473946040911197e+56
-2.2004444447343966e+24,1010.2745705321813,400.5400170701783,1041.9989654524677,-1.7473946040911197e+56
844.2464969431874,1012.7816638966268,983.9733890411828,1041.9989654524677,-1.7473946040911197e+56
-9.631964920360711e+23,1004.3396605084936,991.0477502138867,1041.9989654524677,-1.7473946040911197e+56
-6.520729269402711e+23,998.919480328267,440.2664773180054,1041.9989654524677,-1.7473946040911197e+56
-1.821957266724157e+24,1003.4578022632096,648.9655326710379,1041.9989654524677,-1.7473946040911197e+56
-2.0254673584196637e+23,1008.4105018895722,978.6236373905871,1041.9989654524677,-1.7473946040911197e+56
-4.292026118348845e+23,1009.4782499490113,953.190493632666,1041.9989654524677,-1.7473946040911197e+56
-1.6777626834622222e+23,996.9267943881337,967.2691550547289,1041.9989654524677,-1.7473946040911197e+56
647.9405857877656,996.4624542529303,841.937348673917,1041.9989654524677,-1.7473946040911197e+56
-1.4069746623138744e+24,999.5497538140222,963.0675355901525,1041.9989654524677,-1.7473946040911197e+56
-1.3482173445480443e+23,998.5678211979425,987.4309988109229,1041.9989654524677,-1.7473946040911197e+56
792.6376968725117,1003.318201480493,979.1035590297153,1041.9989654524677,-1.7473946040911197e+56
738.5299615712422,1001.6636536597916,766.5002791424215,1041.9989654524677,-1.7473946040911197e+56
824.6502762920145,1006.8526781889458,956.2144302920406,1041.9989654524677,-1.7473946040911197e+56
-1.1031972438668272e+23,998.7294185734194,987.8929709588198,1041.9989654524677,-1.7473946040911197e+56
744.5750640235968,1000.4917433430674,935.8177127466463,1041.9989654524677,-1.7473946040911197e+56
-4.4932519873414055e+22,991.2521393885849,949.8846754260175,1041.9989654524677,-1.7473946040911197e+56
616.6289940193489,999.2166490608558,499.7233065904433,1041.9989654524677,-1.7473946040911197e+56
771.0948136347406,997.413900846509,960.4106419582794,1041.9989654524677,-1.7473946040911197e+56
782.121620089542,1019.1565962202656,979.4803461305959,1041.9989654524677,-1.7473946040911197e+56
-9.293657779404292e+23,1007.2640996866603,986.793918738012,1041.9989654524677,-1.7473946040911197e+56
800.4547481687013,999.0092694082224,959.5114188901073,1041.9989654524677,-1.7473946040911197e+56
-7.202759041827483e+22,1002.5244476440457,935.5636394319025,1041.9989654524677,-1.7473946040911197e+56
-9.294679405094934e+22,997.446947718552,421.95503983764115,1041.9989654524677,-1.7473946040911197e+56
663.4289503694388,1000.9401783342117,554.4285018454387,1041.9989654524677,-1.7473946040911197e+56
794.7529599659355,996.7709032528687,967.9002174771928,1041.9989654524677,-1.7473946040911197e+56
-2.2560388825470283e+24,999.7543777114163,981.8079111110703,1041.9989654524677,-1.7473946040911197e+56
-1.3421582801694506e+24,998.5508214556994,522.468452643229,1041.9989654524677,-1.7473946040911197e+56
-4.717749802210794e+25,997.632467464045,944.6695400469604,1041.9989654524677,-1.7473946040911197e+56
-2.2833884497094773e+24,1005.4880715770661,569.1578967027242,1041.9989654524677,-1.7473946040911197e+56
-5.618260726398628e+24,1004.2016023805006,600.7210673991547,1041.9989654524677,-1.7473946040911197e+56
-3.2020157521490546e+24,1007.2797030363884,541.391289669441,1041.9989654524677,-1.7473946040911197e+56
-7.179751918786877e+23,1003.3482563846766,983.1233849327392,1041.9989654524677,-1.7473946040911197e+56
-2.3101244685856222e+24,1002.4724062089801,978.4371505876138,1041.9989654524677,-1.7473946040911197e+56
-5.719289187715996e+24,1001.9060289152626,570.4455247345742,1041.9989654524677,-1.7473946040911197e+56
-9.847910546219694e+23,1003.3053262251965,944.9302655590473,1041.9989654524677,-1.7473946040911197e+56
759.8932145834697,994.8846788789552,976.4130571610881,1041.9989654524677,-1.7473946040911197e+56
781.4832452117297,999.3955119630638,965.640907814684,1041.9989654524677,-1.7473946040911197e+56
-3.2552290918079367e+24,1008.3443819249685,639.4921523699167,1041.9989654524677,-1.7473946040911197e+56
-3.7176436403177963e+24,1005.3465403033478,985.1472308985192,1041.9989654524677,-1.7473946040911197e+56
-5.4610916475483325e+25,1001.7497110573692,987.1893000498532,1041.9989654524677,-1.7473946040911197e+56
-1.967349308284044e+24,1002.5267319848058,403.12125639737036,1041.9989654524677,-1.7473946040911197e+56
705.6178411417582,1005.116849433474,944.0312265814564,1041.9989654524677,-1.7473946040911197e+56
-7.465953681119318e+23,1002.3257376573687,936.8322432170598,1041.9989654524677,-1.7473946040911197e+56
-7.31896540606942e+24,1011.1993328357463,948.4012737291508,1041.9989654524677,-1.7473946040911197e+56
-6.176531045546027e+25,1006.9603345622482,957.1378694355661,1041.9989654524677,-1.7473946040911197e+56
-1.420972202304123e+24,1003.703110267585,976.6200308355048,1041.9989654524677,-1.7473946040911197e+56
-1.0110139441307345e+25,999.5674682385682,977.7913075533603,1041.9989654524677,-1.7473946040911197e+56
-5.166254282514778e+24,999.7361626674098,974.0210869871513,1041.9989654524677,-1.7473946040911197e+56
921.0484449734262,1010.6137725192903,982.5118835820608,1041.9989654524677,-1.7473946040911197e+56
-8.040502791874438e+24,1007.0071779812429,976.900046896826,1041.9989654524677,-1.7473946040911197e+56
-1.1732084430336262e+23,999.2319087923493,985.0443534542777,1041.9989654524677,-1.7473946040911197e+56
-1.0053543733126732e+24,1004.8746473885888,979.937447048359,1041.9989654524677,-1.7473946040911197e+56
-4.30394909947627e+24,1004.2996787322576,982.1948803903111,1041.9989654524677,-1.7473946040911197e+56
-4.377159146673568e+24,999.3176995079859,580.0481987137275,1041.9989654524677,-1.7473946040911197e+56
-3.7721544311808784e+24,1012.7344295166446,974.9964190143161,1041.9989654524677,-1.7473946040911197e+56
788.3425205431906,1009.78478987337,977.3134505935817,1041.9989654524677,-1.7473946040911197e+56
835.8108614338074,1004.3233648751932,967.6384580987772,1041.9989654524677,-1.7473946040911197e+56
-3.5840879364042576e+23,1001.8637487002593,987.8770811208947,1041.9989654524677,-1.7473946040911197e+56
674.2341100798134,1013.8081317147662,592.265194615905,1041.9989654524677,-1.7473946040911197e+56
-1.8767636774369828e+24,1001.0415584553058,442.52314984050616,1041.9989654524677,-1.7473946040911197e+56
-3.658682264468396e+24,1008.304158306703,946.1753483255386,1041.9989654524677,-1.7473946040911197e+56
-4.0841592558656897e+24,1006.2841878884001,989.2875437478335,1041.9989654524677,-1.7473946040911197e+56
-5.417683043691257e+24,1003.7342781409391,954.8239293457132,1041.9989654524677,-1.7473946040911197e+56
-3.904337569333969e+24,1004.2297709101981,957.6112200570146,1041.9989654524677,-1.7473946040911197e+56
-1.2321441431463715e+25,1007.1776608395306,952.0007144978101,1041.9989654524677,-1.7473946040911197e+56
-9.853280805691107e+24,1002.4439135840505,770.1082458175428,1041.9989654524677,-1.7473946040911197e+56
887.4420475525877,1016.4627655760034,974.4634568846568,1041.9989654524677,-1.7473946040911197e+56
830.693044076469,1006.0101350359041,981.0676167598623,1041.9989654524677,-1.7473946040911197e+56
943.1685728191616,1000.8318372081214,994.2898640248335,1041.9989654524677,-1.7473946040911197e+56
748.5051156712447,1001.313205951992,986.2166245998203,1041.9989654524677,-1.7473946040911197e+56
728.0082210214858,1004.1735491053472,983.1263029124948,1041.9989654524677,-1.7473946040911197e+56
-1.0694907749149248e+25,1019.0749816540495,421.93424199948134,1041.9989654524677,-1.7473946040911197e+56
-3.8707983061876666e+24,1011.8254686616447,687.7071097869434,1041.9989654524677,-1.7473946040911197e+56
936.0867640201459,1008.1752303032627,995.1060451597731,1041.9989654524677,-1.7473946040911197e+56
-1.5780811979962207e+25,1005.3732906555277,983.7067115440976,1041.9989654524677,-1.7473946040911197e+56
838.1044125283028,1006.7037287417764,992.6611797007075,1041.9989654524677,-1.7473946040911197e+56
-9.016297893114318e+24,1000.2143387959978,736.4832422295357,1041.9989654524677,-1.7473946040911197e+56
-5.862230979202393e+24,997.7740830539353,694.1682038115621,1041.9989654524677,-1.7473946040911197e+56
-2.1099607056165402e+25,1020.8872070863806,980.5794348109342,1041.9989654524677,-1.7473946040911197e+56
-4.677846388050675e+25,1007.915996841431,432.93968507059515,1041.9989654524677,-1.7473946040911197e+56
-3.8479742981907346e+25,1003.5818767509386,950.808560815892,1041.9989654524677,-1.7473946040911197e+56
-4.982735313587553e+25,1006.6520871094235,968.7241006739209,1041.9989654524677,-1.7473946040911197e+56
-1.2299595183281402e+25,1012.4299304694837,969.25938612389,1041.9989654524677,-1.7473946040911197e+56
-1.6045771528202683e+25,1002.7404723504303,541.06512871017,1041.9989654524677,-1.7473946040911197e+56
-3.8536080407681443e+25,1001.7899829062007,419.0318589565346,1041.9989654524677,-1.7473946040911197e+56
-3.619201252763717e+25,1004.5253631501488,968.3012922902275,1041.9989654524677,-1.7473946040911197e+56
861.8586199979447,1001.4551972348967,990.1016318887473,1041.9989654524677,-1.7473946040911197e+56
-1.239362321710543e+25,1000.319803298413,993.6122378284823,1041.9989654524677,-1.7473946040911197e+56
-3.293028611934066e+25,1014.9332069123603,990.5161958365056,1041.9989654524677,-1.7473946040911197e+56
-4.228507891146258e+25,1007.4620820989717,644.4373372482275,1041.9989654524677,-1.7473946040911197e+56
-5.602320591244135e+25,999.5451537988723,631.1497169508779,1041.9989654524677,-1.7473946040911197e+56
-2.8314654572010387e+26,1004.1492038861319,989.5008652245122,1041.9989654524677,-1.7473946040911197e+56
-3.553747325546519e+25,1003.7926019707751,977.3862362921243,1041.9989654524677,-1.7473946040911197e+56
-3.2194162049544528e+25,1003.4079273197879,994.0142541468088,1041.9989654524677,-1.7473946040911197e+56
-4.2009760733768663e+24,1009.0955900288649,429.3991924842628,1041.9989654524677,-1.7473946040911197e+56
-3.574676618183635e+25,1009.7746582467905,761.2133143287531,1041.9989654524677,-1.7473946040911197e+56
-1.821838912495864e+25,1018.773934935842,962.5424438007477,1041.9989654524677,-1.7473946040911197e+56
-6.812928568690913e+25,1008.030119753485,986.0124715130315,1041.9989654524677,-1.7473946040911197e+56
-2.661657204554733e+25,1005.3377761309143,992.0839506861554,1041.9989654524677,-1.7473946040911197e+56
-3.7481387327360377e+25,1009.6614923714098,979.3923292671901,1041.9989654524677,-1.7473946040911197e+56
-3.678784339793998e+25,1011.5863234153162,401.3021713193474,1041.9989654524677,-1.7473946040911197e+56
-6.5858574420931485e+25,1007.2844293657788,388.02286603432464,1041.9989654524677,-1.7473946040911197e+56
-5.866721346346764e+24,998.9027459464492,491.30957983852727,1041.9989654524677,-1.7473946040911197e+56
885.397444573811,1005.1943595614324,992.6894645444479,1041.9989654524677,-1.7473946040911197e+56
-4.0803047521317566e+24,1007.7702870197951,989.6318711506768,1041.9989654524677,-1.7473946040911197e+56
-3.439104790316326e+25,1002.967639825489,993.6090379413116,1041.9989654524677,-1.7473946040911197e+56
-4.876539210050583e+24,1004.2920705481761,455.4719588721162,1041.9989654524677,-1.7473946040911197e+56
-3.3991963309493174e+24,1002.9432096008894,445.42200515294877,1041.9989654524677,-1.7473946040911197e+56
-1.0585687481756682e+25,997.6830764702611,498.09424045736955,1041.9989654524677,-1.7473946040911197e+56
-3.3739857984150315e+24,1005.9400826266123,992.675580676471,1041.9989654524677,-1.7473946040911197e+56
-4.6750271567984775e+25,1002.7028968414282,503.97979736406353,1041.9989654524677,-1.7473946040911197e+56
-1.0249423544686393e+26,1002.9337657083589,994.0982255726498,1041.9989654524677,-1.7473946040911197e+56
-6.339900630192801e+26,1003.2593431829715,416.6340001908509,1041.9989654524677,-1.7473946040911197e+56
-1.7917689188160068e+25,998.9593110077158,453.3732788973022,1041.9989654524677,-1.7473946040911197e+56
-7.06594559119862e+25,999.2690831287011,503.1464251162176,1041.9989654524677,-1.7473946040911197e+56
-7.1367285515704e+25,1005.0645665632474,956.1405476642493,1041.9989654524677,-1.7473946040911197e+56
-7.415851107899491e+25,1003.8491174906003,537.0508608354946,1041.9989654524677,-1.7473946040911197e+56
-1.5729991209737366e+26,1001.5295149599438,494.9500409588637,1041.9989654524677,-1.7473946040911197e+56
-5.74760785372471e+25,1004.4244596394664,737.0506193050044,1041.9989654524677,-1.7473946040911197e+56
-7.7766075853459e+24,997.5201099582325,613.7877912893672,1041.9989654524677,-1.7473946040911197e+56
-6.8081394648188425e+25,998.1933428025492,517.4789881997596,1041.9989654524677,-1.7473946040911197e+56
-3.4840631634683546e+25,1002.6066354761821,987.859934253436,1041.9989654524677,-1.7473946040911197e+56
-3.870939512171437e+25,1004.9150082443404,996.7811492890107,1041.9989654524677,-1.7473946040911197e+56
793.4562653624951,1006.3987674668817,993.2589810810496,1041.9989654524677,-1.7473946040911197e+56
-7.166821869744427e+25,1003.0409081570266,377.2753974763433,1041.9989654524677,-1.7473946040911197e+56
-2.6816681285067205e+25,999.053245482449,395.53218769545884,1041.9989654524677,-1.7473946040911197e+56
-5.367404818105463e+25,999.258314233114,391.4172700508473,1041.9989654524677,-1.7473946040911197e+56
-3.815573864668946e+25,1009.7100633072035,977.8275206703466,1041.9989654524677,-1.7473946040911197e+56
-4.797065835902747e+25,1011.8195640488847,1000.1274420638166,1041.9989654524677,-1.7473946040911197e+56
-7.615384610620686e+25,1010.284141923786,995.7472453003228,1041.9989654524677,-1.7473946040911197e+56
-2.2135663021581783e+26,993.3509357956987,355.88114744337355,1041.9989654524677,-1.7473946040911197e+56
-5.072807362901835e+25,998.0033123587311,359.41525042830324,1041.9989654524677,-1.7473946040911197e+56
667.4006509591653,1017.0419687363278,647.399007893174,1041.9989654524677,-1.7473946040911197e+56
814.6908587189247,1008.433451731523,965.3098969575253,1041.9989654524677,-1.7473946040911197e+56
829.46023592173,1007.5195781176428,994.6882560860145,1041.9989654524677,-1.7473946040911197e+56
-4.30661390208967e+25,1006.8556230669706,960.5340717525207,1041.9989654524677,-1.7473946040911197e+56
616.6635207248338,1003.1941673534174,468.056593675152,1041.9989654524677,-1.7473946040911197e+56
724.4919403447627,1005.2777826196683,946.1818498758581,1041.9989654524677,-1.7473946040911197e+56
-4.157712860225073e+25,1011.8733007107531,611.1876072846184,1041.9989654524677,-1.7473946040911197e+56
-3.2013921040291094e+25,1004.0850564748145,996.3773363733391,1041.9989654524677,-1.7473946040911197e+56
-5.438933259966969e+25,1006.7800801372026,996.8940251489043,1041.9989654524677,-1.7473946040911197e+56
-1.571683206698469e+25,1001.9990339901155,993.8078802078829,1041.9989654524677,-1.7473946040911197e+56
642.6246222245353,998.0865601627218,478.28856993792294,1041.9989654524677,-1.7473946040911197e+56
651.4764890065585,1013.5310124007325,607.9978626680387,1041.9989654524677,-1.7473946040911197e+56
-2.823821081691661e+25,1020.3713658627398,617.5036562513227,1041.9989654524677,-1.7473946040911197e+56
856.8321726008252,1007.2405206149073,992.9999200564232,1041.9989654524677,-1.7473946040911197e+56
-6.295835899292119e+24,1003.7732157213412,988.043358580681,1041.9989654524677,-1.7473946040911197e+56
-4.9679778955028765e+25,1007.1149615568073,945.8546937359586,1041.9989654524677,-1.7473946040911197e+56
-6.691360269451994e+25,1003.359771912876,974.1306031088842,1041.9989654524677,-1.7473946040911197e+56
-1.1392187569184352e+26,996.5590612794915,487.51622381261996,1041.9989654524677,-1.7473946040911197e+56
760.0598717459915,1020.7255221245313,965.2455963897901,1041.9989654524677,-1.7473946040911197e+56
936.4771740564092,1010.2182589865879,990.1276622465818,1041.9989654524677,-1.7473946040911197e+56
844.9049353286047,1004.5561332944486,991.1013529968408,1041.9989654524677,-1.7473946040911197e+56
-2.3574770412124408e+26,1010.3067966126678,989.4989546379321,1041.9989654524677,-1.7473946040911197e+56
-1.0122620275048894e+26,1012.4625148820307,545.9736230029264,1041.9989654524677,-1.7473946040911197e+56
818.0289382090195,1000.6452324387612,980.2118287704362,1041.9989654524677,-1.7473946040911197e+56
-1.3190900279200058e+25,1012.81661728256,974.5510244545802,1041.9989654524677,-1.7473946040911197e+56
814.4192866446214,1001.109593125837,979.0536014013611,1041.9989654524677,-1.7473946040911197e+56
-1.7050470412214413e+25,1001.8874321986209,990.1373359285599,1041.9989654524677,-1.7473946040911197e+56
-8.099913980863422e+25,1006.1101947422458,987.3147477000756,1041.9989654524677,-1.7473946040911197e+56
-2.2301619359069946e+25,1013.264801509951,826.5692021430492,1041.9989654524677,-1.7473946040911197e+56
-2.9244982913187554e+26,1019.2498640906957,390.5323771250011,1041.9989654524677,-1.7473946040911197e+56
-7.304210694428249e+25,1017.2447970591903,963.4326948951972,1041.9989654524677,-1.7473946040911197e+56
-2.2036632193538258e+26,1003.8061843174596,988.1834506162282,1041.9989654524677,-1.7473946040911197e+56
-1.988966453107918e+26,1000.0812642767744,985.4726327188905,1041.9989654524677,-1.7473946040911197e+56
-3.564565140060436e+26,1002.4597686098106,984.8030082202675,1041.9989654524677,-1.7473946040911197e+56
-2.716967380035372e+26,1011.5284909349223,587.1963891878431,1041.9989654524677,-1.7473946040911197e+56
-1.0112707618516443e+26,1002.1781907198018,982.5940921204766,1041.9989654524677,-1.7473946040911197e+56
-4.6146545751858456e+24,1020.1069177294595,980.535485275524,1041.9989654524677,-1.7473946040911197e+56
-1.3940588005630212e+25,1003.8483910160662,988.8098551626665,1041.9989654524677,-1.7473946040911197e+56
-1.3070106583240567e+26,1008.1811943160651,987.0236562634199,1041.9989654524677,-1.7473946040911197e+56
-3.5850060515924106e+26,1006.9113322584319,543.1250557461577,1041.9989654524677,-1.7473946040911197e+56
-3.0038195849881233e+25,1003.6260464881094,975.6717633324891,1041.9989654524677,-1.7473946040911197e+56
-3.55764621031627e+26,1009.8396000911868,970.1078765532678,1041.9989654524677,-1.7473946040911197e+56
-3.8220464427494956e+26,1000.8572252204302,981.0802747978212,1041.9989654524677,-1.7473946040911197e+56
-4.4578151096484076e+26,1004.5956555049239,960.6867174403232,1041.9989654524677,-1.7473946040911197e+56
-1.0701447833014947e+26,1006.8620081530111,957.5047813328302,1041.9989654524677,-1.7473946040911197e+56
-3.90626576103062e+26,1007.9707009364325,987.2089396970696,1041.9989654524677,-1.7473946040911197e+56
-4.9775035374623455e+26,1001.4887904238298,534.0582766023579,1041.9989654524677,-1.7473946040911197e+56
-3.941577415151316e+26,1010.8223818322854,561.3522681848991,1041.9989654524677,-1.7473946040911197e+56
-2.5226375879950547e+26,999.0573697763377,832.0087735946842,1041.9989654524677,-1.7473946040911197e+56
-2.6595306840854524e+26,1008.1521125976013,981.8556206483448,1041.9989654524677,-1.7473946040911197e+56
-5.554987628521344e+25,1003.0549905944217,973.0054052725791,1041.9989654524677,-1.7473946040911197e+56
-5.648574086497215e+26,1006.7622561377669,946.381003007186,1041.9989654524677,-1.7473946040911197e+56
-7.137912376622857e+26,1006.4827779467122,399.19926933830004,1041.9989654524677,-1.7473946040911197e+56
618.1899794284736,1007.1193130407248,434.7578409876532,1041.9989654524677,-1.7473946040911197e+56
854.1800139575805,1012.6317263657612,980.8864261879825,1041.9989654524677,-1.7473946040911197e+56
-2.307768426143092e+25,1008.950551590296,990.0356941961962,1041.9989654524677,-1.7473946040911197e+56
-1.9119017443301815e+26,1008.2738504502034,942.6411223697652,1041.9989654524677,-1.7473946040911197e+56
-6.758340810376053e+25,1004.583297963537,765.0721771901832,1041.9989654524677,-1.7473946040911197e+56
-3.2388503498632017e+26,1014.366600789748,719.02639797538,1041.9989654524677,-1.7473946040911197e+56
-1.8731888329755086e+26,1006.0236330381565,982.4706603142308,1041.9989654524677,-1.7473946040911197e+56
-4.187083602546768e+26,1000.940176124483,967.9607866864033,1041.9989654524677,-1.7473946040911197e+56
-3.968792350071646e+26,1011.0512638148276,956.2621786324954,1041.9989654524677,-1.7473946040911197e+56
-4.324993958619936e+26,1008.007870487233,989.9438087717085,1041.9989654524677,-1.7473946040911197e+56
-6.1119180380843016e+26,1008.0969456533236,990.0415040866335,1041.9989654524677,-1.7473946040911197e+56
-1.1627911381214973e+27,1006.5411451999607,655.7348783780599,1041.9989654524677,-1.7473946040911197e+56
874.8655478963448,1005.8050391004721,985.0813422284949,1041.9989654524677,-1.7473946040911197e+56
-2.3188530297542405e+26,1012.4747876214726,972.0852788857676,1041.9989654524677,-1.7473946040911197e+56
-4.060103647616658e+25,1002.9534396912842,989.7665436248498,1041.9989654524677,-1.7473946040911197e+56
-2.0609052268309632e+26,1003.4789198132111,985.831133823703,1041.9989654524677,-1.7473946040911197e+56
-4.062908585859033e+26,1004.318368603658,982.2272766576524,1041.9989654524677,-1.7473946040911197e+56
-1.2273718972270306e+25,997.9717252528085,691.645067927306,1041.9989654524677,-1.7473946040911197e+56
889.8791220123711,1004.4607118316811,986.4566453806038,1041.9989654524677,-1.7473946040911197e+56
849.538168521383,1013.4279373279951,971.8164258149429,1041.9989654524677,-1.7473946040911197e+56
-2.8316765874923154e+26,1004.2459983148216,990.22494621288,1041.9989654524677,-1.7473946040911197e+56
950.9423323006674,1001.5820380695649,990.0613005585935,1041.9989654524677,-1.7473946040911197e+56
-4.40575517604163e+26,1006.1513388212819,988.6859391077844,1041.9989654524677,-1.7473946040911197e+56
694.4734485739403,1004.9769209479489,548.4734493839878,1041.9989654524677,-1.7473946040911197e+56
730.3359942607328,1006.9702131672428,831.5940130960988,1041.9989654524677,-1.7473946040911197e+56
-8.11845599347006e+26,1011.6545083675175,959.7624295654336,1041.9989654524677,-1.7473946040911197e+56
-1.2943606529464088e+27,1005.2141698602854,989.6399261045533,1041.9989654524677,-1.7473946040911197e+56
919.9375302115598,1008.0109045234914,998.1969516628316,1041.9989654524677,-1.7473946040911197e+56
-4.2809782367271715e+25,1010.1661867124982,996.5079517856211,1041.9989654524677,-1.7473946040911197e+56
-1.6781381456359784e+27,1015.4061001450841,363.25228452976427,1041.9989654524677,-1.7473946040911197e+56
-1.1534996957146782e+27,1005.8006189020655,473.00367709691596,1041.9989654524677,-1.7473946040911197e+56
-9.562639954727139e+26,1008.1532740469398,717.6360428202736,1041.9989654524677,-1.7473946040911197e+56
-9.695832700637706e+26,1006.9109040786167,990.6391368386782,1041.9989654524677,-1.7473946040911197e+56
-9.739617267243044e+26,1009.963818199951,883.9518155925092,1041.9989654524677,-1.7473946040911197e+56
-1.5867233916723223e+27,1002.1219522695723,989.5530648946634,1041.9989654524677,-1.7473946040911197e+56
-5.68656755819836e+26,1010.0431515216517,928.409732410918,1041.9989654524677,-1.7473946040911197e+56
-1.8294010580090826e+27,1012.297357726935,977.9987827800909,1041.9989654524677,-1.7473946040911197e+56
817.5445972289247,1017.3999792044772,983.7853214405512,1041.9989654524677,-1.7473946040911197e+56
923.3843432672185,1008.9959940366103,987.7617707178437,1041.9989654524677,-1.7473946040911197e+56
-6.496073584206769e+26,1007.6925990649187,996.6398839040148,1041.9989654524677,-1.7473946040911197e+56
849.1203867639298,1003.3132183761662,974.866893861003,1041.9989654524677,-1.7473946040911197e+56
-5.771149321334427e+26,1006.4197915505996,979.7760392574673,1041.9989654524677,-1.7473946040911197e+56
-2.0962454971154875e+27,1000.3773725369273,986.9466856243416,1041.9989654524677,-1.7473946040911197e+56
-2.4829793599052e+27,1027.0663167444002,977.6878342490215,1041.9989654524677,-1.7473946040911197e+56
-6.0499308967176786e+26,1010.1261992070605,994.2057123222983,1041.9989654524677,-1.7473946040911197e+56
-1.4320242625444098e+27,1010.0620738260794,978.3872540433927,1041.9989654524677,-1.7473946040911197e+56
-1.7203803140384732e+28,1009.6843030628545,992.048122683056,1041.9989654524677,-1.7473946040911197e+56
-6.566713033316144e+26,1011.1169727200006,980.2908279952645,1041.9989654524677,-1.7473946040911197e+56
-2.6268982435903658e+26,1002.3925338798043,973.4192009732266,1041.9989654524677,-1.7473946040911197e+56
-6.731574879557152e+26,1013.5253128277773,873.462231261054,1041.9989654524677,-1.7473946040911197e+56
-1.4265636649211612e+27,1005.0706805571174,974.5829347583874,1041.9989654524677,-1.7473946040911197e+56
-5.7746279306960224e+26,1008.7294784162009,950.4219268720767,1041.9989654524677,-1.7473946040911197e+56
-2.1344621101799445e+27,1006.8235847088105,994.9094184891218,1041.9989654524677,-1.7473946040911197e+56
-2.249983357143743e+26,1004.6006568191127,985.3121753859907,1041.9989654524677,-1.7473946040911197e+56
-5.640393853743493e+27,1008.6495782828285,985.7677421613778,1041.9989654524677,-1.7473946040911197e+56
-2.5792251955944746e+28,1003.3364206539621,967.4362139906993,1041.9989654524677,-1.7473946040911197e+56
-1.8831681709845912e+27,1006.3704970475541,978.8160625801557,1041.9989654524677,-1.7473946040911197e+56
824.7286677050247,1008.6654325706513,995.8232951556716,1041.9989654524677,-1.7473946040911197e+56
-1.2579029694767367e+27,1008.7998256485099,989.9175632943156,1041.9989654524677,-1.7473946040911197e+56
-4.2088721193985826e+26,1020.4609790135784,983.8171729742577,1041.9989654524677,-1.7473946040911197e+56
-2.81462216727459e+27,1006.9982094416185,526.1032858272597,1041.9989654524677,-1.7473946040911197e+56
-3.8610272685268894e+27,1018.532575153741,977.5077983353137,1041.9989654524677,-1.7473946040911197e+56
779.7393557956417,1011.8722259225323,992.5885157695415,1041.9989654524677,-1.7473946040911197e+56
-3.3297097723035654e+28,1013.1289571886442,345.9220715855998,1041.9989654524677,-1.7473946040911197e+56
-7.269488570098762e+27,1009.5736423098791,957.0467495307103,1041.9989654524677,-1.7473946040911197e+56
-3.1657692425669933e+27,1010.190018535156,983.3134699789894,1041.9989654524677,-1.7473946040911197e+56
758.5511782089517,1004.5338675520909,979.6732718078035,1041.9989654524677,-1.7473946040911197e+56
-1.8063433914785004e+27,1022.7060548978803,966.6318021798149,1041.9989654524677,-1.7473946040911197e+56
-3.0960432175515657e+28,1006.6728676858712,836.1315812913434,1041.9989654524677,-1.7473946040911197e+56
-1.6095257163673768e+27,1006.3183495867657,486.0848346387179,1041.9989654524677,-1.7473946040911197e+56
919.708716765818,1008.0707966126428,996.8113676565866,1041.9989654524677,-1.7473946040911197e+56
-1.0986996984596991e+27,1001.9010429287205,607.8026948429676,1041.9989654524677,-1.7473946040911197e+56
-3.602235710785813e+27,998.2878250967634,620.6720999611764,1041.9989654524677,-1.7473946040911197e+56
866.6345924785339,1016.4411038730416,982.346816279836,1041.9989654524677,-1.7473946040911197e+56
-1.3190199399806514e+26,1007.8392748978164,995.1325667042037,1041.9989654524677,-1.7473946040911197e+56
-9.0669965202362e+26,1007.5323846505768,991.6249894579054,1041.9989654524677,-1.7473946040911197e+56
-1.2913568749175682e+27,1008.2042816673056,621.6418290622091,1041.9989654524677,-1.7473946040911197e+56
-2.1717673526878637e+27,1004.2394661018114,917.1142906043593,1041.9989654524677,-1.7473946040911197e+56
-3.467102207479206e+27,993.9135750658611,977.3874167359746,1041.9989654524677,-1.7473946040911197e+56
-1.3319885488722608e+29,1002.7394411315913,380.4190582334396,1041.9989654524677,-1.7473946040911197e+56
-4.90203933060703e+28,1010.5775420834892,990.5872116084864,1041.9989654524677,-1.7473946040911197e+56
-3.7255640598120674e+27,1004.8633882558806,851.3833117386007,1041.9989654524677,-1.7473946040911197e+56
-5.199477513316158e+27,1007.1405947512583,995.5993672750842,1041.9989654524677,-1.7473946040911197e+56
-1.444545371606873e+27,1023.1523306884931,782.7193664076617,1041.9989654524677,-1.7473946040911197e+56
-9.162665258675197e+27,1012.3243651108601,382.2464946512533,1041.9989654524677,-1.7473946040911197e+56
-2.4739371201297157e+27,1011.6863451662464,970.9677303943978,1041.9989654524677,-1.7473946040911197e+56
-6.175955483497887e+27,1007.3049259888521,997.2677881931743,1041.9989654524677,-1.7473946040911197e+56
-1.3758368050773011e+28,1007.0161548160676,992.2414625681222,1041.9989654524677,-1.7473946040911197e+56
-4.7553288348555085e+27,1007.5226145874258,992.8785066642158,1041.9989654524677,-1.7473946040911197e+56
-8.574409445857114e+27,1001.65643428663,388.1650863152228,1041.9989654524677,-1.7473946040911197e+56
-2.4482986850776223e+28,1002.6655366974386,-1.9936893833645194e+28,1041.9989654524677,-1.7473946040911197e+56
-9.206005276336157e+27,1013.4182849518922,968.6961601172529,1041.9989654524677,-1.7473946040911197e+56
-1.230912321806624e+27,1003.397064212866,994.3804030563334,1041.9989654524677,-1.7473946040911197e+56
-1.182171571517827e+28,1003.5832828627106,986.1108478443529,1041.9989654524677,-1.7473946040911197e+56
-9.40345469371918e+27,1003.0384066360162,993.0055731928659,1041.9989654524677,-1.7473946040911197e+56
-9.703024133382258e+27,1003.8725530203671,970.3332712250437,1041.9989654524677,-1.7473946040911197e+56
-1.2634163747355434e+28,1017.5951611400332,971.7777298563254,1041.9989654524677,-1.7473946040911197e+56
-3.5864163500068683e+27,1008.3378067100122,973.0404976896278,1041.9989654524677,-1.7473946040911197e+56
-8.363071673231326e+27,1008.4606476968612,981.9912857998816,1041.9989654524677,-1.7473946040911197e+56
-1.518052872174104e+28,1008.9969957159959,987.7612193671329,1041.9989654524677,-1.7473946040911197e+56
-8.722966466167035e+28,1006.8273287319729,993.1225507255649,1041.9989654524677,-1.7473946040911197e+56
-5.390801322016891e+27,998.8443657771177,986.8614259886626,1041.9989654524677,-1.7473946040911197e+56
-2.771547142843886e+27,1003.1746660066461,984.6516497554775,1041.9989654524677,-1.7473946040911197e+56
-1.5251260453924525e+27,1010.4104659410389,978.8889540924448,1041.9989654524677,-1.7473946040911197e+56
-6.67949138037655e+27,1004.3256268937457,986.5736310322768,1041.9989654524677,-1.7473946040911197e+56
-1.3418302901634899e+28,1002.3508426219394,804.565038810653,1041.9989654524677,-1.7473946040911197e+56
-6.332927053986947e+27,1001.4893943184501,989.9727804164464,1041.9989654524677,-1.7473946040911197e+56
-5.636163146703683e+27,1009.8802113338835,985.8666411628631,1041.9989654524677,-1.7473946040911197e+56
-1.7663787597013792e+27,1004.9163690204898,982.4938113023677,1041.9989654524677,-1.7473946040911197e+56
-1.6651733907441897e+27,1005.635724614292,971.826077805089,1041.9989654524677,-1.7473946040911197e+56
-1.6717124949868798e+27,1007.0808953719037,997.4118265742824,1041.9989654524677,-1.7473946040911197e+56
-1.7105606485938846e+27,1006.5750105452399,990.4603075475336,1041.9989654524677,-1.7473946040911197e+56
-1.6468079495684858e+28,1009.7425816105448,992.8086816978466,1041.9989654524677,-1.7473946040911197e+56
821.5364234912057,1006.2628681583067,984.3183647084226,1041.9989654524677,-1.7473946040911197e+56
-4.081477114412858e+27,1002.7484354888459,971.1673016606675,1041.9989654524677,-1.7473946040911197e+56
-4.0334711236474365e+27,1017.3471495907963,979.8374381411388,1041.9989654524677,-1.7473946040911197e+56
-1.3963405708963074e+29,1012.4590065846224,780.4051363886975,1041.9989654524677,-1.7473946040911197e+56
823.5062288722471,1004.9323866872838,996.1999092167893,1041.9989654524677,-1.7473946040911197e+56
-1.9772066135208217e+29,1005.7033385675228,989.803856303678,1041.9989654524677,-1.7473946040911197e+56
-1.0311543176956299e+28,1008.6826002494491,987.2508850558725,1041.9989654524677,-1.7473946040911197e+56
-1.5164436659565029e+28,1007.7694594858132,974.8844814399707,1041.9989654524677,-1.7473946040911197e+56
-2.513938142568576e+28,1010.9245687862729,966.9546789036924,1041.9989654524677,-1.7473946040911197e+56
-4.3232787839862695e+27,1008.117183594829,982.2990055084211,1041.9989654524677,-1.7473946040911197e+56
-1.5339684020712518e+28,1007.5710564680847,995.2077734908836,1041.9989654524677,-1.7473946040911197e+56
-3.0374107432673764e+28,1007.954687081964,382.7811792994656,1041.9989654524677,-1.7473946040911197e+56
-1.226094248067535e+28,1008.0049165626555,439.83348304741,1041.9989654524677,-1.7473946040911197e+56
-2.140184186046079e+28,1001.3853376758425,963.2513087167408,1041.9989654524677,-1.7473946040911197e+56
-1.6893357340739063e+28,1009.6041320885184,969.1032532258736,1041.9989654524677,-1.7473946040911197e+56
-7.265159256742921e+27,1007.0690585663991,987.7402955315516,1041.9989654524677,-1.7473946040911197e+56
-3.4627208460973e+28,1004.3970091226412,995.4253398765546,1041.9989654524677,-1.7473946040911197e+56
-7.128475245980898e+28,1004.9654179095517,993.2484785303299,1041.9989654524677,-1.7473946040911197e+56
-3.882219209055435e+28,998.6353300559648,965.0519239147537,1041.9989654524677,-1.7473946040911197e+56
-1.5112455244870444e+28,1000.2580754266164,619.0699337423264,1041.9989654524677,-1.7473946040911197e+56
-1.3618942914200133e+28,1000.4255164306107,979.2216646481243,1041.9989654524677,-1.7473946040911197e+56
-2.5012409045966585e+28,1007.000732084194,995.9353909161628,1041.9989654524677,-1.7473946040911197e+56
-6.16063586846967e+28,1005.7123962056764,958.0895860357655,1041.9989654524677,-1.7473946040911197e+56
-1.7021410223832963e+28,1000.4159767845324,954.3391409889383,1041.9989654524677,-1.7473946040911197e+56
-3.728965992310054e+28,1004.8758012696684,969.9206211138446,1041.9989654524677,-1.7473946040911197e+56
-1.968370820016891e+28,1001.3852748395863,975.0021891282739,1041.9989654524677,-1.7473946040911197e+56
-1.6526266704099937e+28,1003.2787478474442,969.1964071631274,1041.9989654524677,-1.7473946040911197e+56
875.0940196013612,1003.1537644619726,994.72262691769,1041.9989654524677,-1.7473946040911197e+56
-3.7529477525199525e+29,1006.6470664390656,978.5367282572278,1041.9989654524677,-1.7473946040911197e+56
-3.331399405266287e+29,1001.3042316360264,984.9307134603545,1041.9989654524677,-1.7473946040911197e+56
-2.9977747577818994e+28,1010.0273268558318,979.7970969686243,1041.9989654524677,-1.7473946040911197e+56
-2.1322015581612335e+27,1006.760090658085,988.1207967128227,1041.9989654524677,-1.7473946040911197e+56
817.9123451641689,1011.3513902593278,980.1802353093167,1041.9989654524677,-1.7473946040911197e+56
674.6810847659124,1004.180728415327,651.8757559984108,1041.9989654524677,-1.7473946040911197e+56
644.8809036750874,1000.6799360853311,565.390032774377,1041.9989654524677,-1.7473946040911197e+56
-2.149939996900392e+28,999.1728789589664,798.6979175201003,1041.9989654524677,-1.7473946040911197e+56
-5.186149697930079e+28,1016.8735964649594,971.7698228894781,1041.9989654524677,-1.7473946040911197e+56
-9.148018055464262e+28,1001.6937302178732,546.888801543217,1041.9989654524677,-1.7473946040911197e+56
-6.276617768878935e+28,1007.5105989705369,965.5079798973071,1041.9989654524677,-1.7473946040911197e+56
-3.623349268889923e+29,1004.2526762344933,986.7981244216712,1041.9989654524677,-1.7473946040911197e+56
-1.3600602607712205e+28,1002.0710947116498,984.4772088867868,1041.9989654524677,-1.7473946040911197e+56
840.0551306964966,1001.4805937154555,987.6795397090328,1041.9989654524677,-1.7473946040911197e+56
-1.1120455881274478e+29,997.9969192529774,353.78450329974794,1041.9989654524677,-1.7473946040911197e+56
-6.0203146159296425e+28,1000.6885030166122,361.69233713898507,1041.9989654524677,-1.7473946040911197e+56
-8.012834341291238e+28,1010.4165669311363,986.6933820202177,1041.9989654524677,-1.7473946040911197e+56
-2.157889551471985e+28,1003.232831291514,994.6059308964,1041.9989654524677,-1.7473946040911197e+56
-1.0015321060466868e+29,1000.6616696172672,962.9726930293887,1041.9989654524677,-1.7473946040911197e+56
-1.1857565718317535e+30,998.3119802458068,971.2675718049327,1041.9989654524677,-1.7473946040911197e+56
-1.621034455622935e+28,1001.8954625464352,983.2834375725025,1041.9989654524677,-1.7473946040911197e+56
-3.733663563826631e+28,1000.0870567578631,979.8609952753246,1041.9989654524677,-1.7473946040911197e+56
-5.701752970840756e+28,996.0607331801942,979.1994087390266,1041.9989654524677,-1.7473946040911197e+56
-1.7526650779734609e+28,1002.7874311457483,985.198033510952,1041.9989654524677,-1.7473946040911197e+56
-2.217174220018124e+28,1007.3757631782693,990.1081351531968,1041.9989654524677,-1.7473946040911197e+56
832.6137814735926,1004.1824019021572,991.6881447021101,1041.9989654524677,-1.7473946040911197e+56
-1.4046313918396012e+29,1007.668736017367,336.0910767972936,1041.9989654524677,-1.7473946040911197e+56
-4.088574527816205e+28,996.5698777880007,910.9175533221762,1041.9989654524677,-1.7473946040911197e+56
-2.0067534139115848e+28,994.0047909007359,969.7082805937722,1041.9989654524677,-1.7473946040911197e+56
-8.900958113226626e+28,1007.8575835264661,972.3067137999915,1041.9989654524677,-1.7473946040911197e+56
-7.390937247621814e+28,1011.1225712518168,968.3380720085595,1041.9989654524677,-1.7473946040911197e+56
-4.125148998360741e+28,1002.8231115462586,975.8627591668069,1041.9989654524677,-1.7473946040911197e+56
-1.1381387916598662e+29,1001.7082753708145,903.4994233619392,1041.9989654524677,-1.7473946040911197e+56
-7.563379079503626e+28,994.6600074253379,499.1843875058692,1041.9989654524677,-1.7473946040911197e+56
-8.963239063530738e+28,1000.636634291001,951.3638573183882,1041.9989654524677,-1.7473946040911197e+56
-7.657597179780972e+28,1002.1413887538666,955.9203327450583,1041.9989654524677,-1.7473946040911197e+56
-3.52173033361722e+28,1004.2829694878501,978.9316943704556,1041.9989654524677,-1.7473946040911197e+56
-8.499877162129127e+28,1003.4812278932835,967.051664976961,1041.9989654524677,-1.7473946040911197e+56
-1.0859069518663815e+29,991.4869679772188,966.2763159367365,1041.9989654524677,-1.7473946040911197e+56
-9.075440711730053e+28,997.6238541576423,960.8317726188027,1041.9989654524677,-1.7473946040911197e+56
-1.3458882030398992e+28,1007.1665485448917,970.3025173283477,1041.9989654524677,-1.7473946040911197e+56
820.3890624226872,1005.4195117156007,978.017561773807,1041.9989654524677,-1.7473946040911197e+56
-4.799715800712796e+27,1004.1436675559111,978.7864438575012,1041.9989654524677,-1.7473946040911197e+56
-2.124623559210847e+28,1007.4714729586614,963.1511596090345,1041.9989654524677,-1.7473946040911197e+56
-4.670463952468449e+27,1005.5305562787717,973.8092907720317,1041.9989654524677,-1.7473946040911197e+56
-1.254648623540646e+29,993.7034351618793,946.7714276605338,1041.9989654524677,-1.7473946040911197e+56
-4.8592296681155865e+28,999.7135788844033,962.5036170552438,1041.9989654524677,-1.7473946040911197e+56
-7.97783309692315e+28,1004.9932957649289,973.3564174905308,1041.9989654524677,-1.7473946040911197e+56
-1.0452122950674453e+29,1004.2290513415577,961.611282704075,1041.9989654524677,-1.7473946040911197e+56
-2.18633908273891e+28,1004.2204655671169,984.6443118364359,1041.9989654524677,-1.7473946040911197e+56
-1.9607761462339207e+29,993.7772638678632,920.6118922011657,1041.9989654524677,-1.7473946040911197e+56
-5.882585878666542e+28,996.1443397491998,956.8266287608166,1041.9989654524677,-1.7473946040911197e+56
-1.0638577641498474e+29,993.211651620306,969.7970907164273,1041.9989654524677,-1.7473946040911197e+56
-4.163030281553004e+28,1008.727258602907,979.3828148979201,1041.9989654524677,-1.7473946040911197e+56
-4.217652562423894e+28,1005.0944035121786,984.3866879396529,1041.9989654524677,-1.7473946040911197e+56
-8.70296506890869e+28,1004.2028141653949,979.1637745212697,1041.9989654524677,-1.7473946040911197e+56
-1.957801318194922e+29,996.012251513949,962.4876385308262,1041.9989654524677,-1.7473946040911197e+56
-2.4940892172814267e+28,992.6189803179142,962.7597178606122,1041.9989654524677,-1.7473946040911197e+56
-8.878738055941292e+28,1013.7770995459654,947.0595051991771,1041.9989654524677,-1.7473946040911197e+56
-9.009991398041286e+27,1003.4185818377663,981.8200571230395,1041.9989654524677,-1.7473946040911197e+56
894.4062134852356,1003.7326799723936,986.0330657642642,1041.9989654524677,-1.7473946040911197e+56
781.6510650890001,1006.8771915835897,984.0120320467769,1041.9989654524677,-1.7473946040911197e+56
-9.250235934574505e+28,1004.278885453102,968.4906996376492,1041.9989654524677,-1.7473946040911197e+56
-1.5332324608243114e+27,1001.8402119047379,467.9061411843903,1041.9989654524677,-1.7473946040911197e+56
910.9227973874097,1002.315448062739,976.3649926342457,1041.9989654524677,-1.7473946040911197e+56
-5.398616403099098e+28,1003.2461574680095,979.293656996753,1041.9989654524677,-1.7473946040911197e+56
-2.870117941457098e+29,1004.0830022626219,344.8036745937836,1041.9989654524677,-1.7473946040911197e+56
894.8289473432523,1001.2242486811317,988.6138348061949,1041.9989654524677,-1.7473946040911197e+56
-2.3007343913590674e+29,994.8087924457642,636.6547312035397,1041.9989654524677,-1.7473946040911197e+56
-2.9206025695951236e+29,995.4055296811696,968.196539644753,1041.9989654524677,-1.7473946040911197e+56
-1.0727379827864418e+29,1003.8376104242109,966.0361135543527,1041.9989654524677,-1.7473946040911197e+56
955.9608579435524,1003.7378261116667,988.4792376381948,1041.9989654524677,-1.7473946040911197e+56
-7.392143123828945e+28,1002.944458911057,990.2722044420237,1041.9989654524677,-1.7473946040911197e+56
-8.186449336659027e+28,1006.2476211994654,991.5087893048798,1041.9989654524677,-1.7473946040911197e+56
-2.2974552848176698e+29,1001.5966743671393,970.4127416093212,1041.9989654524677,-1.7473946040911197e+56
792.2332646313868,997.6430487986914,974.820552073682,1041.9989654524677,-1.7473946040911197e+56
698.3972613457842,1007.2089520808071,680.5929561888038,1041.9989654524677,-1.7473946040911197e+56
-8.371899846951547e+27,1005.3171139642915,988.6921292843138,1041.9989654524677,-1.7473946040911197e+56
-3.240323526602742e+28,1004.6578305808671,988.4831743341148,1041.9989654524677,-1.7473946040911197e+56
-1.5395171200897503e+29,1001.1168745840964,975.9734177145731,1041.9989654524677,-1.7473946040911197e+56
-2.7014667919787014e+29,983.8480821878726,961.5786886207104,1041.9989654524677,-1.7473946040911197e+56
-5.859714627996163e+29,995.7819963268915,934.5168022694561,1041.9989654524677,-1.7473946040911197e+56
-1.0758040005772312e+29,995.6461580082014,973.2745081170575,1041.9989654524677,-1.7473946040911197e+56
-2.171851584092236e+28,995.2645003802191,934.6284394644965,1041.9989654524677,-1.7473946040911197e+56
-2.275684043366413e+29,1004.0068962553607,976.4876470104663,1041.9989654524677,-1.7473946040911197e+56
-5.647102144780274e+29,998.925423589081,983.6489902222813,1041.9989654524677,-1.7473946040911197e+56
-5.904863564898218e+29,992.735490046316,976.2373818903998,1041.9989654524677,-1.7473946040911197e+56
-3.275119572349658e+29,1002.8386252910493,966.4596842189246,1041.9989654524677,-1.7473946040911197e+56
-7.267731106830606e+29,995.9039120596424,914.055488985665,1041.9989654524677,-1.7473946040911197e+56
-2.8917083138473127e+29,996.614839809354,400.7902282150363,1041.9989654524677,-1.7473946040911197e+56
-2.6803043694228506e+29,997.2375339413819,874.4690024045749,1041.9989654524677,-1.7473946040911197e+56
-4.493026204830276e+28,1001.254650065257,969.7370275869806,1041.9989654524677,-1.7473946040911197e+56
-8.042668090444983e+28,997.0233498099373,970.3813229764058,1041.9989654524677,-1.7473946040911197e+56
-3.899338897849396e+29,989.1122451047167,968.8645821244904,1041.9989654524677,-1.7473946040911197e+56
731.789271853439,982.600013166692,952.0898469233947,1041.9989654524677,-1.7473946040911197e+56
812.4228523451324,999.4747021314147,961.70464127012,1041.9989654524677,-1.7473946040911197e+56
-2.1078569157381228e+29,1002.5277015968983,972.2201089817135,1041.9989654524677,-1.7473946040911197e+56
-2.3027226244588615e+29,1000.9206813150963,972.7832360983867,1041.9989654524677,-1.7473946040911197e+56
-1.7849832419589842e+29,992.3542603284731,970.2677776527365,1041.9989654524677,-1.7473946040911197e+56
-2.1033793390456015e+29,992.2142256760178,962.2337420189887,1041.9989654524677,-1.7473946040911197e+56
-6.062814620107309e+28,1011.11505548574,964.2630893755247,1041.9989654524677,-1.7473946040911197e+56
-1.1967069367185361e+29,1004.9966686289804,976.8604086496144,1041.9989654524677,-1.7473946040911197e+56
-1.1007896296068322e+30,1005.9668573183641,970.1209108740396,1041.9989654524677,-1.7473946040911197e+56
-3.572605872478774e+29,1004.597250686467,899.5907480875322,1041.9989654524677,-1.7473946040911197e+56
-2.8788996218303834e+29,1003.1522631316914,976.6570327211307,1041.9989654524677,-1.7473946040911197e+56
-3.7855176771337896e+28,989.4738576708381,963.4510860429267,1041.9989654524677,-1.7473946040911197e+56
-2.861996355986299e+29,1006.4599256892917,964.1975710041067,1041.9989654524677,-1.7473946040911197e+56
-1.8259817680703996e+29,1008.4766995443175,981.8372598660144,1041.9989654524677,-1.7473946040911197e+56
865.156566319534,1003.3424681869774,990.2430598683222,1041.9989654524677,-1.7473946040911197e+56
-6.831746691715469e+29,1005.8104970758941,980.2292624460298,1041.9989654524677,-1.7473946040911197e+56
-2.268460452366223e+30,998.8260096339809,974.6876912275395,1041.9989654524677,-1.7473946040911197e+56
-3.304966072321469e+29,999.0889494649005,971.9429382833681,1041.9989654524677,-1.7473946040911197e+56
-3.9038986282856504e+29,1008.323329256395,962.771696629782,1041.9989654524677,-1.7473946040911197e+56
873.3700181078599,1012.724611973411,994.9431742551745,1041.9989654524677,-1.7473946040911197e+56
-3.2371615993898704e+29,1009.7299987762678,1001.2201528704253,1041.9989654524677,-1.7473946040911197e+56
-7.844598364278566e+29,1006.3185306792251,997.3739727238283,1041.9989654524677,-1.7473946040911197e+56
-4.491400354253653e+29,994.3694132430932,971.5614662116151,1041.9989654524677,-1.7473946040911197e+56
-2.2388647811085638e+30,992.3542075008735,960.7348469775708,1041.9989654524677,-1.7473946040911197e+56
-1.6179021525875896e+30,999.0783237340962,968.3596309603337,1041.9989654524677,-1.7473946040911197e+56
-1.5311486913397562e+30,1005.5809887913201,634.3405029835105,1041.9989654524677,-1.7473946040911197e+56
-2.5061368419269802e+29,1003.484846350606,993.7058996359042,1041.9989654524677,-1.7473946040911197e+56
-2.0966846179310198e+30,1003.9977853708893,998.3544367007028,1041.9989654524677,-1.7473946040911197e+56
-1.4663408655767558e+30,988.6047083136236,918.4547284982432,1041.9989654524677,-1.7473946040911197e+56
-3.811795724660041e+29,994.326320201625,977.5510689997895,1041.9989654524677,-1.7473946040911197e+56
-2.8079647831278796e+30,1000.3194539538855,602.478938860315,1041.9989654524677,-1.7473946040911197e+56
-8.643892216472136e+29,1010.2215162634511,695.90343210934,1041.9989654524677,-1.7473946040911197e+56
-4.0564888349539e+29,1007.8444189688231,971.5438760140815,1041.9989654524677,-1.7473946040911197e+56
-1.979316797981467e+30,1003.0407946372916,720.1002173487207,1041.9989654524677,-1.7473946040911197e+56
-1.809788983744853e+29,994.8255263203947,974.1678094247192,1041.9989654524677,-1.7473946040911197e+56
-1.5776339710711955e+30,991.3762621492881,969.4289805358559,1041.9989654524677,-1.7473946040911197e+56
-1.3649923734763622e+30,1003.655211323696,930.7765388454301,1041.9989654524677,-1.7473946040911197e+56
-1.7539120556501814e+30,1007.5963313439223,804.1952711752481,1041.9989654524677,-1.7473946040911197e+56
-1.8490395055957662e+30,1007.177864586165,988.283159363783,1041.9989654524677,-1.7473946040911197e+56
-8.092494150552034e+29,998.6335250840874,988.2189806367218,1041.9989654524677,-1.7473946040911197e+56
-1.019130739173108e+30,1001.1337738863355,980.7780335361234,1041.9989654524677,-1.7473946040911197e+56
-1.0383977050514026e+30,990.3670038312339,972.2206789439574,1041.9989654524677,-1.7473946040911197e+56
-1.3100177524029857e+28,1004.0897482261984,961.9483206184567,1041.9989654524677,-1.7473946040911197e+56
-3.39577269359733e+30,1006.1416467818726,985.7157121298004,1041.9989654524677,-1.7473946040911197e+56
861.715296841461,1005.8270118413476,985.1567814648208,1041.9989654524677,-1.7473946040911197e+56
-4.9549781536549856e+29,1003.9298433734469,987.4221989353979,1041.9989654524677,-1.7473946040911197e+56
-1.9163860394549535e+31,993.9454603094049,971.4488494346348,1041.9989654524677,-1.7473946040911197e+56
-1.5872306452414338e+30,990.3756321158991,965.6449538713506,1041.9989654524677,-1.7473946040911197e+56
-1.9590693673255282e+30,1014.0032065410066,964.3584881083507,1041.9989654524677,-1.7473946040911197e+56
-2.29373804001425e+30,1005.4836465154037,779.886565596148,1041.9989654524677,-1.7473946040911197e+56
-1.3887218980879651e+30,1000.641076335254,994.5947809432195,1041.9989654524677,-1.7473946040911197e+56
967.5497726408487,1005.7689213809417,995.1642462548854,1041.9989654524677,-1.7473946040911197e+56
-1.2517702470097435e+30,995.3461427896647,959.0383114859552,1041.9989654524677,-1.7473946040911197e+56
-9.591953833809305e+29,989.3900167306859,971.8449754182534,1041.9989654524677,-1.7473946040911197e+56
-5.4769118193930416e+29,1009.8787663220721,964.7172591622686,1041.9989654524677,-1.7473946040911197e+56
-3.4450756801513256e+30,1007.0973529878917,989.0100568746578,1041.9989654524677,-1.7473946040911197e+56
-1.5791146809635553e+30,1009.1280119358909,1000.1198507430553,1041.9989654524677,-1.7473946040911197e+56
-2.4253068497563828e+29,1006.7683804116602,996.0721669680527,1041.9989654524677,-1.7473946040911197e+56
849.4671345391399,1002.9359077727199,980.4175149921826,1041.9989654524677,-1.7473946040911197e+56
-2.691453084249203e+30,1005.5135785390456,979.0809667570426,1041.9989654524677,-1.7473946040911197e+56
746.9159000105581,1010.9704725254228,959.8925428851126,1041.9989654524677,-1.7473946040911197e+56
787.7499101397674,1009.8589128580916,991.4763351379303,1041.9989654524677,-1.7473946040911197e+56
-4.0329277453236966e+29,1009.6223598925344,492.6415240238468,1041.9989654524677,-1.7473946040911197e+56
-1.1451363151089421e+30,1007.9045385151582,968.0828865101598,1041.9989654524677,-1.7473946040911197e+56
885.397485067916,991.5473087196557,979.0599459520394,1041.9989654524677,-1.7473946040911197e+56
-9.433313896246758e+29,996.8383130632136,975.3385347213824,1041.9989654524677,-1.7473946040911197e+56
-1.6115044856370937e+30,995.0432322417862,973.6678605464996,1041.9989654524677,-1.7473946040911197e+56
-1.2134067316264118e+30,1005.2797173174104,990.0623789247677,1041.9989654524677,-1.7473946040911197e+56
-2.212178256127645e+30,1009.3730093729002,983.7487236164161,1041.9989654524677,-1.7473946040911197e+56
-1.856194072345297e+30,1002.4136033725184,993.7410743734398,1041.9989654524677,-1.7473946040911197e+56
-1.5093399146594878e+30,1005.8485356518642,976.8810020579799,1041.9989654524677,-1.7473946040911197e+56
-4.613866335817687e+30,993.088606166688,332.6835697186664,1041.9989654524677,-1.7473946040911197e+56
-1.5007515498228194e+30,995.1392446074542,959.7815836754586,1041.9989654524677,-1.7473946040911197e+56
-3.248972099414666e+30,1007.3858321121448,938.091165984858,1041.9989654524677,-1.7473946040911197e+56
-2.654178309236697e+29,1006.7573265542267,989.8886238291718,1041.9989654524677,-1.7473946040911197e+56
-1.0209553094555686e+30,999.5871856066115,883.1132094689666,1041.9989654524677,-1.7473946040911197e+56
-1.874323435240607e+29,995.257593784003,980.1453638972681,1041.9989654524677,-1.7473946040911197e+56
-2.619339179148658e+30,994.9996982694288,578.496842348514,1041.9989654524677,-1.7473946040911197e+56
-8.906956689246702e+29,1023.6092921767703,539.6817232630876,1041.9989654524677,-1.7473946040911197e+56
775.8889494911774,1006.0679326904434,990.7457247812589,1041.9989654524677,-1.7473946040911197e+56
-1.2589957180859963e+29,1003.5246361903237,982.070366964503,1041.9989654524677,-1.7473946040911197e+56
-1.591901283609076e+30,998.8231204447669,629.1221309789189,1041.9989654524677,-1.7473946040911197e+56
-2.965940511282492e+30,998.2487358120205,978.3725280696799,1041.9989654524677,-1.7473946040911197e+56
-1.5630860329310892e+30,998.0045434195567,965.0791468153486,1041.9989654524677,-1.7473946040911197e+56
-2.0424730946829432e+30,995.2494902193328,966.0374025644774,1041.9989654524677,-1.7473946040911197e+56
-5.02167406375176e+29,1003.6706137279655,423.048785588902,1041.9989654524677,-1.7473946040911197e+56
-3.2193207390222666e+30,999.5691880710731,757.0580804875993,1041.9989654524677,-1.7473946040911197e+56
875.7302619632411,997.6842959785195,985.4410010489058,1041.9989654524677,-1.7473946040911197e+56
-5.506793100249057e+29,986.1428346504399,936.2064169749838,1041.9989654524677,-1.7473946040911197e+56
-3.232840270954556e+30,991.103289883944,973.4278514596438,1041.9989654524677,-1.7473946040911197e+56
739.9794059886702,1005.8661735791466,965.1913662460543,1041.9989654524677,-1.7473946040911197e+56
-3.289267007512675e+28,1012.1193911671701,964.1015299525266,1041.9989654524677,-1.7473946040911197e+56
-3.248538621032223e+29,1008.2396641906128,986.4349541256394,1041.9989654524677,-1.7473946040911197e+56
-1.4765619646946462e+31,1002.5041333958992,860.9930045982582,1041.9989654524677,-1.7473946040911197e+56
-6.378405809587339e+30,993.142797657092,961.7409318704363,1041.9989654524677,-1.7473946040911197e+56
-4.51122961509945e+29,986.2309498953366,969.2739077564848,1041.9989654524677,-1.7473946040911197e+56
-2.1782608458991042e+29,1000.064621886075,970.8993347963741,1041.9989654524677,-1.7473946040911197e+56
-6.248463362656065e+30,1005.2083556962876,992.2992542158254,1041.9989654524677,-1.7473946040911197e+56
-9.027897348371301e+30,1001.8199266821712,942.419122370807,1041.9989654524677,-1.7473946040911197e+56
-7.456401192813317e+30,1005.0701568923731,988.6340926806887,1041.9989654524677,-1.7473946040911197e+56
-1.2181471003245153e+30,994.6868386830503,972.5034557182462,1041.9989654524677,-1.7473946040911197e+56
-1.930364423060704e+31,992.7182437901635,971.9930501666952,1041.9989654524677,-1.7473946040911197e+56
-9.589088855377715e+30,1015.0307978197195,965.0958986584825,1041.9989654524677,-1.7473946040911197e+56
-8.631527640280808e+30,1007.1950592709007,960.9561819358443,1041.9989654524677,-1.7473946040911197e+56
-2.734834003309792e+31,1009.783761287983,658.2950875688233,1041.9989654524677,-1.7473946040911197e+56
-2.9331346301346536e+30,1009.0827986974311,995.8693692606653,1041.9989654524677,-1.7473946040911197e+56
-1.2301019064650093e+31,999.2218229122352,961.8869946984867,1041.9989654524677,-1.7473946040911197e+56
-7.882222743056546e+30,994.0130575998244,968.2613532530445,1041.9989654524677,-1.7473946040911197e+56
-7.416483379106266e+30,988.0139308619775,957.90088751461,1041.9989654524677,-1.7473946040911197e+56
-5.533698591678863e+30,1006.4292603264241,982.9605919519556,1041.9989654524677,-1.7473946040911197e+56
-8.09212455099203e+30,1004.9667137250785,992.1851919241701,1041.9989654524677,-1.7473946040911197e+56
809.3426598181703,1003.2112437924517,992.0282472116542,1041.9989654524677,-1.7473946040911197e+56
-1.597523483243892e+31,994.447739055081,514.1793775540498,1041.9989654524677,-1.7473946040911197e+56
-3.721982567171001e+30,990.0639436817291,979.516061278241,1041.9989654524677,-1.7473946040911197e+56
-3.259586428965569e+31,995.2897805034853,848.3528222962555,1041.9989654524677,-1.7473946040911197e+56
-1.6376736506020798e+32,1002.6893879785225,893.619525736728,1041.9989654524677,-1.7473946040911197e+56
-1.4625403724769804e+31,1011.9905322787432,988.0611816710837,1041.9989654524677,-1.7473946040911197e+56
-1.6697917173467935e+30,1004.042692761818,989.8278485898068,1041.9989654524677,-1.7473946040911197e+56
-1.781000634211639e+31,1000.6559304218297,965.2745617751951,1041.9989654524677,-1.7473946040911197e+56
-3.098279924063107e+31,993.0912549370462,316.3774066634124,1041.9989654524677,-1.7473946040911197e+56
-6.72261154916869e+30,994.6193789506319,954.4589517773439,1041.9989654524677,-1.7473946040911197e+56
-1.87416076034986e+31,1003.6864788153288,982.7194999203449,1041.9989654524677,-1.7473946040911197e+56
-2.594589690115191e+31,1006.7023559639232,990.5099143402822,1041.9989654524677,-1.7473946040911197e+56
-5.85599128902513e+31,1001.4107996056683,343.0549874059591,1041.9989654524677,-1.7473946040911197e+56
-8.294389379212663e+30,1002.5998319603581,977.5991182770291,1041.9989654524677,-1.7473946040911197e+56
-2.561493906726222e+31,994.6678785904065,974.0808914624442,1041.9989654524677,-1.7473946040911197e+56
-1.1228154066560237e+31,1009.96927555413,964.2187852083497,1041.9989654524677,-1.7473946040911197e+56
-3.4169187169155676e+31,1001.783997599365,393.2209229261053,1041.9989654524677,-1.7473946040911197e+56
-1.0613259316713971e+31,1001.7218922548775,993.2262695125248,1041.9989654524677,-1.7473946040911197e+56
-6.110078355221759e+30,1002.39963547193,993.6605775391569,1041.9989654524677,-1.7473946040911197e+56
-1.5870581333296692e+31,987.2671727880132,973.6451423730169,1041.9989654524677,-1.7473946040911197e+56
-8.630631393562063e+30,992.9767832100769,976.9037696447934,1041.9989654524677,-1.7473946040911197e+56
-2.385498908553828e+31,991.0639581007731,839.3400232394109,1041.9989654524677,-1.7473946040911197e+56
-5.0195026747141584e+30,1004.043650603977,986.6744716150172,1041.9989654524677,-1.7473946040911197e+56
-3.0096396021781297e+32,1002.9979464166952,984.1563977292936,1041.9989654524677,-1.7473946040911197e+56
-1.4401691302193115e+31,997.5608339547265,986.4358118354697,1041.9989654524677,-1.7473946040911197e+56
-6.526284060537756e+31,993.353647002363,329.73172608713855,1041.9989654524677,-1.7473946040911197e+56
-6.939546222739484e+30,1005.6242919400282,968.5961984947941,1041.9989654524677,-1.7473946040911197e+56
-2.0449230391313246e+31,1027.8743040233908,961.1446677634444,1041.9989654524677,-1.7473946040911197e+56
-8.053920857553124e+30,1000.5875348834205,987.9181870005788,1041.9989654524677,-1.7473946040911197e+56
-2.044044614977437e+31,998.9140495358187,990.8701134189273,1041.9989654524677,-1.7473946040911197e+56
-3.1369376775677833e+31,1001.0482471762077,990.2612804928657,1041.9989654524677,-1.7473946040911197e+56
-4.131449104978554e+30,999.8555573917201,973.5803353481192,1041.9989654524677,-1.7473946040911197e+56
-2.35593512044188e+31,1002.2599376792353,964.5997859401157,1041.9989654524677,-1.7473946040911197e+56
-3.1998272086844743e+31,995.3463114572505,955.7877001426053,1041.9989654524677,-1.7473946040911197e+56
-5.654827791089356e+31,1006.8826430366413,995.0447269853413,1041.9989654524677,-1.7473946040911197e+56
-2.141278377582422e+31,1008.1764853160932,983.3330289963726,1041.9989654524677,-1.7473946040911197e+56
-2.655995053720453e+31,1009.8223847823134,988.9320165636846,1041.9989654524677,-1.7473946040911197e+56
-6.947156051341268e+31,996.6179263824102,956.3070201777534,1041.9989654524677,-1.7473946040911197e+56
-2.8329796174086886e+31,1003.3352565529103,963.5606372009344,1041.9989654524677,-1.7473946040911197e+56
-6.937553112991403e+30,1012.638990751888,856.1743705856953,1041.9989654524677,-1.7473946040911197e+56
-1.1518080118589168e+32,997.0312604695736,329.0870839019943,1041.9989654524677,-1.7473946040911197e+56
-1.87085251620734e+31,1000.4355474501782,383.38296845076695,1041.9989654524677,-1.7473946040911197e+56
-3.832819019021748e+31,1005.2560159147525,802.5439294948417,1041.9989654524677,-1.7473946040911197e+56
-4.507629800008448e+31,1005.9504645050915,972.4626932319168,1041.9989654524677,-1.7473946040911197e+56
-2.6185815203744794e+31,1007.7787812722731,973.2013445360205,1041.9989654524677,-1.7473946040911197e+56
-2.493791711821927e+31,1005.3364777707995,969.0966034041393,1041.9989654524677,-1.7473946040911197e+56
-7.393867563827209e+30,1006.2425563083535,974.9794488324296,1041.9989654524677,-1.7473946040911197e+56
-6.663884023908113e+30,1004.2685094938237,533.624582962674,1041.9989654524677,-1.7473946040911197e+56
-1.5489627604321598e+31,1004.0957551661766,988.3241098039563,1041.9989654524677,-1.7473946040911197e+56
-5.822798049676377e+31,1001.7154552001525,664.5142910114004,1041.9989654524677,-1.7473946040911197e+56
-2.2676416148611394e+31,1003.0907797208522,980.9397417939189,1041.9989654524677,-1.7473946040911197e+56
-1.8915286105442842e+31,1011.7021859880649,981.0656776674429,1041.9989654524677,-1.7473946040911197e+56
-2.2776794169965876e+30,1006.9025789981652,979.37289117538,1041.9989654524677,-1.7473946040911197e+56
-7.529974759740373e+30,1002.7704646178062,986.2206031354741,1041.9989654524677,-1.7473946040911197e+56
-3.4004763639720936e+31,1005.9842023106279,921.8619794647808,1041.9989654524677,-1.7473946040911197e+56
-5.488673679238478e+31,1011.89889036557,968.9485098411446,1041.9989654524677,-1.7473946040911197e+56
868.129169332611,1006.8825055766927,992.599613612295,1041.9989654524677,-1.7473946040911197e+56
-1.727954986919133e+31,1015.7828889424925,970.5081537646113,1041.9989654524677,-1.7473946040911197e+56
-7.444216682460505e+31,1003.2244626410491,534.0300881523383,1041.9989654524677,-1.7473946040911197e+56
-1.0688291738016435e+32,1003.5191567860403,529.8361352270396,1041.9989654524677,-1.7473946040911197e+56
-1.3759346682699977e+32,1002.7726321855313,995.1209849643578,1041.9989654524677,-1.7473946040911197e+56
-7.341874993729361e+31,1021.9524107543127,990.2739377104554,1041.9989654524677,-1.7473946040911197e+56
-7.640476796335294e+31,1003.7385510758993,504.09556519118064,1041.9989654524677,-1.7473946040911197e+56
-1.0478784493362218e+31,1006.8518252740582,981.7462827069345,1041.9989654524677,-1.7473946040911197e+56
-8.021270568148845e+32,999.9292636188461,968.6452666031979,1041.9989654524677,-1.7473946040911197e+56
651.7679123354086,1002.3474729244002,517.9767611533586,1041.9989654524677,-1.7473946040911197e+56
-8.038481818935166e+32,1003.5869378722496,990.4500855654616,1041.9989654524677,-1.7473946040911197e+56
-8.775112965875327e+30,1008.5519211477425,986.8995526991419,1041.9989654524677,-1.7473946040911197e+56
-1.9149931719051496e+31,1003.0874048243353,980.6160481962374,1041.9989654524677,-1.7473946040911197e+56
-5.270609242215576e+31,1021.1668466694739,981.878435115137,1041.9989654524677,-1.7473946040911197e+56
-7.781207211366497e+31,1000.7886790434006,409.44350211112885,1041.9989654524677,-1.7473946040911197e+56
-1.091754915082645e+32,1002.3647067543623,992.5827241231198,1041.9989654524677,-1.7473946040911197e+56
-4.863957385662248e+31,999.5984654114006,601.2744834916807,1041.9989654524677,-1.7473946040911197e+56
942.7910945928533,1007.0211828625788,991.8849952866401,1041.9989654524677,-1.7473946040911197e+56
-3.468515624916915e+31,1004.9196368017426,617.7380233766379,1041.9989654524677,-1.7473946040911197e+56
-8.170964896828604e+30,1021.2758306746994,976.6175121596335,1041.9989654524677,-1.7473946040911197e+56
-1.073103931114166e+33,999.5058432417692,960.5218934079821,1041.9989654524677,-1.7473946040911197e+56
-1.950309862899787e+32,994.3791247889162,367.3140284943478,1041.9989654524677,-1.7473946040911197e+56
-2.2773780673934206e+31,1000.4262462214682,982.0101520475492,1041.9989654524677,-1.7473946040911197e+56
-7.213089212709327e+31,1010.1987804727589,984.5280793062371,1041.9989654524677,-1.7473946040911197e+56
-1.0193496884339214e+32,1006.3235566262289,844.4835249948231,1041.9989654524677,-1.7473946040911197e+56
-6.524908069033333e+31,1007.003119600817,976.6744168624401,1041.9989654524677,-1.7473946040911197e+56
-4.6979206661693727e+30,1000.3323656718561,948.7152732287692,1041.9989654524677,-1.7473946040911197e+56
-1.1532918417119637e+32,999.8616528721147,983.3972764398626,1041.9989654524677,-1.7473946040911197e+56
906.2966906020083,1003.8566938302449,992.749724204315,1041.9989654524677,-1.7473946040911197e+56
-8.517922113595545e+31,1008.1398318780243,983.5562753997344,1041.9989654524677,-1.7473946040911197e+56
-1.2312037757730767e+32,1004.8514874312375,977.5431310998599,1041.9989654524677,-1.7473946040911197e+56
-7.663232664905748e+31,1001.0684291324584,966.5664879449413,1041.9989654524677,-1.7473946040911197e+56
-2.8719899700433385e+32,1005.5976712591294,574.6051223523889,1041.9989654524677,-1.7473946040911197e+56
-1.8076279616833762e+31,1005.466764445126,988.6354881467147,1041.9989654524677,-1.7473946040911197e+56
-3.4276196598213236e+32,1002.159112055544,710.3492084955659,1041.9989654524677,-1.7473946040911197e+56
914.9938770189392,1010.235111386476,987.8363352968088,1041.9989654524677,-1.7473946040911197e+56
-3.021534684193248e+31,1003.3151611609421,976.8502257069114,1041.9989654524677,-1.7473946040911197e+56
-1.1763411183995304e+32,1013.8006010275967,974.8731510851782,1041.9989654524677,-1.7473946040911197e+56
-6.735944591775683e+31,1010.618006397678,986.9244659889916,1041.9989654524677,-1.7473946040911197e+56
-5.293350124628693e+31,1001.4950119543031,961.31818579461,1041.9989654524677,-1.7473946040911197e+56
-1.9064482434882646e+32,1002.0804040056659,800.4823351098529,1041.9989654524677,-1.7473946040911197e+56
-1.9614720809963929e+30,999.9977116038125,979.3794493598352,1041.9989654524677,-1.7473946040911197e+56
-8.771732825698657e+30,999.5302074217409,982.1418564045316,1041.9989654524677,-1.7473946040911197e+56
-9.10588086715917e+31,1001.9726402735165,971.0042871044426,1041.9989654524677,-1.7473946040911197e+56
-5.0165934322658875e+31,998.4411041412778,978.9779368918956,1041.9989654524677,-1.7473946040911197e+56
824.9387090991405,1000.7961550851497,987.0332770847596,1041.9989654524677,-1.7473946040911197e+56
812.3407883328092,1000.6563322227863,976.2562570994007,1041.9989654524677,-1.7473946040911197e+56
-3.1058209358994637e+31,995.4751200776685,746.2057969301003,1041.9989654524677,-1.7473946040911197e+56
-9.872796414319485e+30,1005.3973796757995,973.7883039723649,1041.9989654524677,-1.7473946040911197e+56
-3.788779519944765e+32,999.3741666686133,969.8740640944801,1041.9989654524677,-1.7473946040911197e+56
-4.377247267404595e+31,1002.5317348884963,952.5946248402479,1041.9989654524677,-1.7473946040911197e+56
-2.3016014313004473e+31,1000.6087313099671,951.435889411714,1041.9989654524677,-1.7473946040911197e+56
-2.2658313227827456e+32,1000.6065864135587,960.1361568504151,1041.9989654524677,-1.7473946040911197e+56
-4.319537674446955e+32,1004.9255020300343,982.5469693847522,1041.9989654524677,-1.7473946040911197e+56
847.9197006916467,1004.649536128411,978.0329965728113,1041.9989654524677,-1.7473946040911197e+56
-1.5769253161503106e+32,1008.6767636525656,462.2368840737936,1041.9989654524677,-1.7473946040911197e+56
-1.5442000994349282e+31,999.9477076861648,971.3065110721199,1041.9989654524677,-1.7473946040911197e+56
-8.363908871999642e+31,1002.9763318217488,994.0702028264337,1041.9989654524677,-1.7473946040911197e+56
-2.202808970130515e+32,1003.8169495120907,989.885908339952,1041.9989654524677,-1.7473946040911197e+56
-2.3482295189266673e+32,1003.920178383863,958.6759792289116,1041.9989654524677,-1.7473946040911197e+56
-4.973005332927172e+32,1001.2595117411282,985.1067673853075,1041.9989654524677,-1.7473946040911197e+56
-2.536227171571602e+32,1018.1123240722877,962.3905148836182,1041.9989654524677,-1.7473946040911197e+56
775.0887611929013,1009.5353008998709,991.8895513493508,1041.9989654524677,-1.7473946040911197e+56
-1.850180231232817e+32,1001.6167141172166,463.9095169252002,1041.9989654524677,-1.7473946040911197e+56
-4.8544561773731806e+32,1000.918411810077,381.393630993958,1041.9989654524677,-1.7473946040911197e+56
-6.2192601840054955e+32,1001.8192114080896,553.3440094819504,1041.9989654524677,-1.7473946040911197e+56
-4.293685558167538e+32,993.6842699942785,358.79209761475107,1041.9989654524677,-1.7473946040911197e+56
-2.224614887947771e+32,1016.6360258224998,952.4005637024668,1041.9989654524677,-1.7473946040911197e+56
-2.337721621572318e+31,1004.1188709739687,971.9652130466801,1041.9989654524677,-1.7473946040911197e+56
-3.031503789052884e+31,1001.5619620950357,657.2072202330521,1041.9989654524677,-1.7473946040911197e+56
-1.143989426243279e+31,1004.3425401392414,990.9768837730792,1041.9989654524677,-1.7473946040911197e+56
-2.66209673371951e+31,998.3044588333194,596.4282343995451,1041.9989654524677,-1.7473946040911197e+56
-1.5370888105121358e+33,1009.2625041429179,555.180066198677,1041.9989654524677,-1.7473946040911197e+56
-3.1446974647946287e+32,1000.4340128833303,977.3559007225141,1041.9989654524677,-1.7473946040911197e+56
-5.3579593434292e+32,1005.6643352939764,985.3506751703806,1041.9989654524677,-1.7473946040911197e+56
-8.27768482451184e+32,1002.8568718101974,985.6828284855001,1041.9989654524677,-1.7473946040911197e+56
-1.1458630218412853e+33,1007.2360714884526,785.1425822020071,1041.9989654524677,-1.7473946040911197e+56
-6.953509745060254e+32,1009.4054988324993,953.4707285389371,1041.9989654524677,-1.7473946040911197e+56
-4.006679366095368e+32,1001.3831704699564,456.8147143631997,1041.9989654524677,-1.7473946040911197e+56
-1.9634718020044675e+33,1009.6749889143374,940.4527155180436,1041.9989654524677,-1.7473946040911197e+56
-2.1614140023861192e+33,990.7084201168135,-2.3617795684984927e+32,1041.9989654524677,-1.7473946040911197e+56
-1.2102091802685127e+33,976.5339794520088,337.2140837618142,1041.9989654524677,-1.7473946040911197e+56
-8.368219507335764e+33,991.3072414482264,925.6101540235649,1041.9989654524677,-1.7473946040911197e+56
-8.885301595002833e+30,1005.7225628896375,985.5885490500824,1041.9989654524677,-1.7473946040911197e+56
-8.984875229371853e+32,1007.5149397873984,973.8845004007323,1041.9989654524677,-1.7473946040911197e+56
-3.312257865597087e+32,1018.2097841379123,968.260536138144,1041.9989654524677,-1.7473946040911197e+56
-1.1303194112166773e+33,997.0835015207322,342.29765656689705,1041.9989654524677,-1.7473946040911197e+56
-8.622411461651296e+32,1000.9892314673692,960.6473595821191,1041.9989654524677,-1.7473946040911197e+56
-4.785164051412335e+32,993.3603528855468,463.9751692466806,1041.9989654524677,-1.7473946040911197e+56
-6.577372581340525e+32,1019.6314509205046,975.6797381448623,1041.9989654524677,-1.7473946040911197e+56
-1.8544337530616135e+32,1009.6049451960655,967.5991948278966,1041.9989654524677,-1.7473946040911197e+56
-6.321809074598299e+32,1015.2113616934186,611.7884638583754,1041.9989654524677,-1.7473946040911197e+56
-5.8203868680566544e+32,1011.858596687228,936.0377693082276,1041.9989654524677,-1.7473946040911197e+56
-1.4350098071986801e+32,991.7438959341489,932.2782993446185,1041.9989654524677,-1.7473946040911197e+56
-9.888975428271435e+33,994.1878213831293,952.1609370272452,1041.9989654524677,-1.7473946040911197e+56
-1.45492266014106e+32,1014.501218636048,986.4058853233859,1041.9989654524677,-1.7473946040911197e+56
873.3751490201514,1016.4794230296047,983.3742039735656,1041.9989654524677,-1.7473946040911197e+56
-2.480638488785849e+32,1028.271963602966,983.2104299755206,1041.9989654524677,-1.7473946040911197e+56
-3.294158562070937e+32,990.5421929066858,976.7491503382901,1041.9989654524677,-1.7473946040911197e+56
-2.9309507290535886e+32,992.972520248913,972.7678108348581,1041.9989654524677,-1.7473946040911197e+56
-6.811218193762573e+32,995.4024698881727,977.7159339313118,1041.9989654524677,-1.7473946040911197e+56
-1.0925268109560746e+33,1007.8610368936951,973.0182450654884,1041.9989654524677,-1.7473946040911197e+56
827.7447257767016,995.2126549803979,986.8596104350953,1041.9989654524677,-1.7473946040911197e+56
-1.1004450791204168e+32,1022.4545578111859,985.2183034416216,1041.9989654524677,-1.7473946040911197e+56
900.6564498765119,993.266998056983,981.4672490286978,1041.9989654524677,-1.7473946040911197e+56
-1.8783731789604777e+32,989.2326097178063,390.2702239893992,1041.9989654524677,-1.7473946040911197e+56
-9.39834635688316e+32,988.6268001438186,981.9133181138735,1041.9989654524677,-1.7473946040911197e+56
-6.586236814710478e+32,998.0341049052334,987.0641490162128,1041.9989654524677,-1.7473946040911197e+56
883.6012939193078,1006.362318279955,982.1111976538522,1041.9989654524677,-1.7473946040911197e+56
-3.314606139516096e+33,1015.7743266035928,986.3935385329099,1041.9989654524677,-1.7473946040911197e+56
-2.0676669364569937e+33,995.4445155769108,981.6535718492887,1041.9989654524677,-1.7473946040911197e+56
-1.465221740580346e+33,993.4511212339322,968.8886139121084,1041.9989654524677,-1.7473946040911197e+56
-3.12573569794941e+33,989.1343631807623,672.8656072395441,1041.9989654524677,-1.7473946040911197e+56
-2.0614203853649138e+32,1013.6394729617512,984.2680894569463,1041.9989654524677,-1.7473946040911197e+56
-1.5456058404623515e+32,1001.8307719907115,525.5526747378368,1041.9989654524677,-1.7473946040911197e+56
-3.1749086475758493e+33,1009.0723032491974,980.28967307761,1041.9989654524677,-1.7473946040911197e+56
-7.923675462165199e+32,992.5999578943101,947.5711369890164,1041.9989654524677,-1.7473946040911197e+56
-5.4278129484056126e+32,988.397686747796,948.1515876418256,1041.9989654524677,-1.7473946040911197e+56
-1.4081910788010948e+33,994.9748061229752,971.572205053585,1041.9989654524677,-1.7473946040911197e+56
-1.0525641783390639e+33,1002.0134123270568,569.009730934955,1041.9989654524677,-1.7473946040911197e+56
-2.359090986846269e+34,1009.1221104933684,729.1222906474169,1041.9989654524677,-1.7473946040911197e+56
-1.0214471238705003e+33,1006.6968628925136,553.8764904650805,1041.9989654524677,-1.7473946040911197e+56
-1.89889779105412e+33,994.6937124845543,970.1479128840458,1041.9989654524677,-1.7473946040911197e+56
-1.0920504200328076e+33,995.5607752005292,947.0146198751637,1041.9989654524677,-1.7473946040911197e+56
-5.408071651698788e+33,988.0625015172199,669.4503333739539,1041.9989654524677,-1.7473946040911197e+56
-1.408684328057411e+33,1012.7696407681749,976.040618706059,1041.9989654524677,-1.7473946040911197e+56
-4.198264530212354e+32,1005.2347867459957,981.7873993900599,1041.9989654524677,-1.7473946040911197e+56
-2.1968668902326285e+33,1037.0246253761686,978.4921301172526,1041.9989654524677,-1.7473946040911197e+56
-1.8903584514489698e+32,998.7765939285556,939.0015912659445,1041.9989654524677,-1.7473946040911197e+56
-2.4059806999341042e+33,990.8520859829127,962.2215952848727,1041.9989654524677,-1.7473946040911197e+56
-1.4930800097464072e+33,991.8897513640585,955.97990433454,1041.9989654524677,-1.7473946040911197e+56
-8.286828973951188e+32,1003.2158378785774,584.0832437609035,1041.9989654524677,-1.7473946040911197e+56
-8.36331633517735e+32,1015.1423380650906,984.7706241381165,1041.9989654524677,-1.7473946040911197e+56
-1.4386980288002946e+33,1001.0274534960259,778.1318099702012,1041.9989654524677,-1.7473946040911197e+56
-5.311530607375464e+31,995.9617862531582,699.8274855591204,1041.9989654524677,-1.7473946040911197e+56
-3.8026699146325693e+33,998.462593631856,986.8223192887823,1041.9989654524677,-1.7473946040911197e+56
735.0756797374512,992.0529666507697,973.5033544396364,1041.9989654524677,-1.7473946040911197e+56
822.1285983622871,1021.6381225057979,976.8497255544638,1041.9989654524677,-1.7473946040911197e+56
-6.995668524338672e+32,994.7442910618691,977.6256126407508,1041.9989654524677,-1.7473946040911197e+56
-1.9912386096748998e+31,1013.704587363692,978.2030213997544,1041.9989654524677,-1.7473946040911197e+56
-1.0496108930004548e+33,1000.0300205908328,972.724692240924,1041.9989654524677,-1.7473946040911197e+56
-5.944990876716132e+33,993.6394592437174,974.5567341321988,1041.9989654524677,-1.7473946040911197e+56
-1.849535140074762e+33,994.8695075143679,985.0230426621409,1041.9989654524677,-1.7473946040911197e+56
-3.1520000971891794e+33,1006.5614402108409,986.1578647118149,1041.9989654524677,-1.7473946040911197e+56
-1.721189643612293e+33,1010.9346874815313,984.5197017606779,1041.9989654524677,-1.7473946040911197e+56
-5.0070987726023777e+33,1007.5017851270661,973.790524356239,1041.9989654524677,-1.7473946040911197e+56
-1.6309011659647903e+33,997.2361171651746,949.8218628827394,1041.9989654524677,-1.7473946040911197e+56
855.9952339940759,996.749522997659,986.0140856818797,1041.9989654524677,-1.7473946040911197e+56
-4.2090468526336696e+33,997.1998611020746,991.5920767639717,1041.9989654524677,-1.7473946040911197e+56
-8.92569072018188e+33,1010.6616874269047,983.9711612027465,1041.9989654524677,-1.7473946040911197e+56
-3.559012928526273e+33,1013.2030958165119,982.2339559630971,1041.9989654524677,-1.7473946040911197e+56
-1.3729285438970835e+33,1007.6508188902037,967.5729221717611,1041.9989654524677,-1.7473946040911197e+56
-2.8636351045573133e+33,1002.8168495775668,988.0344439051191,1041.9989654524677,-1.7473946040911197e+56
767.8565414453358,999.7235359027476,985.5859630527748,1041.9989654524677,-1.7473946040911197e+56
-1.6130592834212976e+33,1000.2783538058413,983.1044486085834,1041.9989654524677,-1.7473946040911197e+56
-2.0200946587021374e+33,994.928207873895,976.0057590059436,1041.9989654524677,-1.7473946040911197e+56
935.3024322518992,998.4518645495496,979.3181599887691,1041.9989654524677,-1.7473946040911197e+56
-7.694444284595831e+32,1010.2687840573082,972.4547852898849,1041.9989654524677,-1.7473946040911197e+56
813.2782427540079,1002.3580532376149,990.5468774892494,1041.9989654524677,-1.7473946040911197e+56
842.4930930738741,1000.6258479900514,991.3786507068339,1041.9989654524677,-1.7473946040911197e+56
-5.091869044716011e+33,997.2718965024491,985.7907567702638,1041.9989654524677,-1.7473946040911197e+56
-2.5654361767502413e+33,1003.8753344793513,980.7803774058458,1041.9989654524677,-1.7473946040911197e+56
-1.3539264369183795e+33,996.0985919740428,982.8462788080226,1041.9989654524677,-1.7473946040911197e+56
-1.1159053465749102e+33,1014.8929210498585,980.5030227014619,1041.9989654524677,-1.7473946040911197e+56
-3.5939252661199995e+33,1003.7913227332976,990.2760068556225,1041.9989654524677,-1.7473946040911197e+56
-7.204724642014945e+32,1001.7723724009454,990.4818791897108,1041.9989654524677,-1.7473946040911197e+56
-1.1100660132158931e+34,1000.5456514197987,987.06263757981,1041.9989654524677,-1.7473946040911197e+56
-7.518705183994842e+33,991.0927292373538,601.2381700907898,1041.9989654524677,-1.7473946040911197e+56
-6.7895147545187e+32,1000.0256760456577,970.3333095680258,1041.9989654524677,-1.7473946040911197e+56
816.8037811129124,998.0619731498856,970.3664303591027,1041.9989654524677,-1.7473946040911197e+56
-9.027800940328255e+33,1000.1103309450458,952.0640075893318,1041.9989654524677,-1.7473946040911197e+56
-7.384279134260876e+33,997.2681862694906,981.6686450873189,1041.9989654524677,-1.7473946040911197e+56
-3.9081083070651316e+33,993.1511494043025,981.4934773029838,1041.9989654524677,-1.7473946040911197e+56
-2.257206516614817e+34,996.413986860641,971.1244280913461,1041.9989654524677,-1.7473946040911197e+56
-1.6968300313545256e+34,1000.6285805011933,885.2951739808267,1041.9989654524677,-1.7473946040911197e+56
-1.1290718507145158e+35,995.9288312342268,491.9238174560071,1041.9989654524677,-1.7473946040911197e+56
-3.299613626960658e+33,999.4767874146308,986.2822108887688,1041.9989654524677,-1.7473946040911197e+56
797.4868683256387,996.901203775577,987.8846167879426,1041.9989654524677,-1.7473946040911197e+56
933.3947013513964,994.5423250572361,989.7559720298171,1041.9989654524677,-1.7473946040911197e+56
-3.81131965862214e+33,997.1138361571973,981.5887235694655,1041.9989654524677,-1.7473946040911197e+56
784.223642762684,997.5985221338102,967.6549194968566,1041.9989654524677,-1.7473946040911197e+56
719.0762657058948,996.0569687944829,715.2253032447923,1041.9989654524677,-1.7473946040911197e+56
-1.1337974485767513e+34,1004.2387853334162,953.9844131186579,1041.9989654524677,-1.7473946040911197e+56
-3.219049464335123e+33,1002.371742292485,981.7292246992749,1041.9989654524677,-1.7473946040911197e+56
865.9998071032198,999.2594561982786,989.5174151674577,1041.9989654524677,-1.7473946040911197e+56
-5.0419911587045205e+33,996.0949458249197,639.3887231229511,1041.9989654524677,-1.7473946040911197e+56
-1.0781372666185367e+34,993.8562472897918,981.164518605939,1041.9989654524677,-1.7473946040911197e+56
-1.4576555018325352e+35,997.1147073581405,969.2334877077743,1041.9989654524677,-1.7473946040911197e+56
-1.0471071747597325e+34,1003.557923256995,985.0731505462712,1041.9989654524677,-1.7473946040911197e+56
-3.3400079023615736e+33,1009.1331113770925,993.280924367893,1041.9989654524677,-1.7473946040911197e+56
-5.188151356865692e+33,1000.6618961103648,987.4948880107388,1041.9989654524677,-1.7473946040911197e+56
778.0036531981758,1006.1466416177648,956.4465466344496,1041.9989654524677,-1.7473946040911197e+56
-7.190609712648321e+32,1005.3454095615252,970.1649963896482,1041.9989654524677,-1.7473946040911197e+56
769.4358028784906,1023.4005528863771,966.5411859390233,1041.9989654524677,-1.7473946040911197e+56
-1.1906387258233286e+34,1003.7226730281358,987.4886160870834,1041.9989654524677,-1.7473946040911197e+56
904.8902012293823,1001.6627736698563,992.7297239554049,1041.9989654524677,-1.7473946040911197e+56
-3.0168356811757783e+34,1005.9605802986525,978.4808825097061,1041.9989654524677,-1.7473946040911197e+56
-1.4277190288194627e+33,1004.3658430940915,972.4647674112348,1041.9989654524677,-1.7473946040911197e+56
-1.8408841727365336e+33,993.7644548793006,982.8363841813401,1041.9989654524677,-1.7473946040911197e+56
-5.890056186294649e+33,1002.3614530370701,488.60994712302073,1041.9989654524677,-1.7473946040911197e+56
-4.56238870956948e+34,1010.2324477493775,342.6076930919364,1041.9989654524677,-1.7473946040911197e+56
-1.4423659682978302e+34,1001.3229360171844,989.0282900288066,1041.9989654524677,-1.7473946040911197e+56
810.1814543773686,1000.7792373405546,986.629730426986,1041.9989654524677,-1.7473946040911197e+56
-7.214977908917812e+33,1000.8875830989169,694.5640799890953,1041.9989654524677,-1.7473946040911197e+56
-1.9055473106827004e+34,988.2480161648775,963.5259573611272,1041.9989654524677,-1.7473946040911197e+56
-2.355109905377001e+34,1003.8370507910033,974.6099845864104,1041.9989654524677,-1.7473946040911197e+56
-1.9052151644670289e+33,1000.6732796894312,933.740765680918,1041.9989654524677,-1.7473946040911197e+56
774.4110091988667,998.7357548430356,985.607296932633,1041.9989654524677,-1.7473946040911197e+56
632.3913414738446,996.6746031784631,495.9662669726413,1041.9989654524677,-1.7473946040911197e+56
-2.039157833430829e+34,1011.515066608211,978.9053515036559,1041.9989654524677,-1.7473946040911197e+56
788.8259645630985,998.4536609531459,966.1422729763015,1041.9989654524677,-1.7473946040911197e+56
-6.687031204362846e+34,988.283249382954,665.6760025530333,1041.9989654524677,-1.7473946040911197e+56
-3.1998566453509318e+34,1003.7236606798297,427.8877177597455,1041.9989654524677,-1.7473946040911197e+56
729.1200212515238,997.1249855265772,967.3968385171104,1041.9989654524677,-1.7473946040911197e+56
-8.091747152581763e+33,998.6041183730887,944.0169858407927,1041.9989654524677,-1.7473946040911197e+56
-1.6819213335911542e+33,999.5319482121087,967.2815981875742,1041.9989654524677,-1.7473946040911197e+56
-8.76621904471549e+33,1004.4704822289996,926.2307215589032,1041.9989654524677,-1.7473946040911197e+56
-3.308499283854919e+33,1000.0371208872497,969.1080958582578,1041.9989654524677,-1.7473946040911197e+56
-5.0303415116834e+35,1002.8491340280681,988.0586986810251,1041.9989654524677,-1.7473946040911197e+56
-5.494647191988516e+34,998.1144363481029,507.18552928358633,1041.9989654524677,-1.7473946040911197e+56
-6.114658461981864e+34,991.7831128099602,974.1772624368277,1041.9989654524677,-1.7473946040911197e+56
-4.525712545110382e+34,991.9399399555577,952.6973451161565,1041.9989654524677,-1.7473946040911197e+56
-5.546226223246218e+33,1002.7117445756302,980.5796940937483,1041.9989654524677,-1.7473946040911197e+56
887.1957667731061,994.0219505137621,973.1865669242349,1041.9989654524677,-1.7473946040911197e+56
-2.2210610577961252e+34,999.8780626421947,984.198956448314,1041.9989654524677,-1.7473946040911197e+56
873.3373042796973,1000.2823248813464,987.1456125584733,1041.9989654524677,-1.7473946040911197e+56
-6.3884922091106175e+34,1000.9045554227982,990.4905242028962,1041.9989654524677,-1.7473946040911197e+56
-2.3388702639911787e+33,1002.5255218125266,974.3500826476903,1041.9989654524677,-1.7473946040911197e+56
-1.2103941502084322e+35,998.2112854287,785.2210317248152,1041.9989654524677,-1.7473946040911197e+56
-3.4570466098498173e+34,1008.5682783368572,966.1383135795417,1041.9989654524677,-1.7473946040911197e+56
-9.473964830929154e+33,1003.0867938524601,992.457186103561,1041.9989654524677,-1.7473946040911197e+56
-5.071120918618384e+34,1002.4728137216614,990.5352869014883,1041.9989654524677,-1.7473946040911197e+56
-5.746913836397217e+33,998.4571926071461,991.1224955482148,1041.9989654524677,-1.7473946040911197e+56
-9.232427447069181e+34,996.553472843806,555.4383146366217,1041.9989654524677,-1.7473946040911197e+56
-6.899366928048099e+33,999.9392427217372,973.8760610376548,1041.9989654524677,-1.7473946040911197e+56
-8.447385131105012e+33,1005.1316833282101,964.4687476294313,1041.9989654524677,-1.7473946040911197e+56
-1.4911913494731944e+35,1006.0702617526593,990.037267351304,1041.9989654524677,-1.7473946040911197e+56
-2.8816729883478853e+34,1002.7196158264761,982.2446568077654,1041.9989654524677,-1.7473946040911197e+56
-7.625302448015709e+35,1005.2961387393567,445.65802960969677,1041.9989654524677,-1.7473946040911197e+56
-2.9536711367275102e+34,998.9810062246348,613.1548607630283,1041.9989654524677,-1.7473946040911197e+56
-1.7250548370995785e+34,1006.3543494865796,976.8737928476133,1041.9989654524677,-1.7473946040911197e+56
-3.610733491787215e+34,1009.6172178246748,981.1725120448036,1041.9989654524677,-1.7473946040911197e+56
-6.023603978764734e+33,1007.918452221657,989.7023745287278,1041.9989654524677,-1.7473946040911197e+56
-8.764325491905522e+34,999.1350502886689,493.94330486033743,1041.9989654524677,-1.7473946040911197e+56
792.5117409603974,998.8580109026274,986.1958121883858,1041.9989654524677,-1.7473946040911197e+56
-7.928204462077726e+34,1002.4339437666071,956.5385799890726,1041.9989654524677,-1.7473946040911197e+56
-4.103226465733117e+34,993.0757608619109,976.5913506317027,1041.9989654524677,-1.7473946040911197e+56
-1.6176851266276715e+34,1006.7807988011793,965.9169974744052,1041.9989654524677,-1.7473946040911197e+56
-1.0853649959429974e+34,1002.3290868745629,991.7856787770858,1041.9989654524677,-1.7473946040911197e+56
-1.0474036311751868e+34,1001.5909298363188,991.3219790785038,1041.9989654524677,-1.7473946040911197e+56
-3.101305194600453e+34,1001.0440976500499,984.1589403737441,1041.9989654524677,-1.7473946040911197e+56
-5.657542245002304e+34,1013.3751974407362,551.5668554997227,1041.9989654524677,-1.7473946040911197e+56
-2.8616027714429074e+33,1008.1675297555389,824.6622280656286,1041.9989654524677,-1.7473946040911197e+56
-1.8622293753220703e+35,1012.2101943093221,926.2237653715305,1041.9989654524677,-1.7473946040911197e+56
-1.5340317637543853e+35,1003.6048174694395,992.2312429863556,1041.9989654524677,-1.7473946040911197e+56
-9.694716828610063e+33,1002.0290755755732,992.2061144969833,1041.9989654524677,-1.7473946040911197e+56
-2.2027796840468977e+34,1002.8765521825701,991.0537592213727,1041.9989654524677,-1.7473946040911197e+56
-1.1002036463627223e+35,999.5608665465486,953.1733803510671,1041.9989654524677,-1.7473946040911197e+56
-7.351330450875708e+34,1000.9527452087872,676.055910945396,1041.9989654524677,-1.7473946040911197e+56
-2.9433020778990277e+35,994.2639100038641,872.8425460146968,1041.9989654524677,-1.7473946040911197e+56
-1.8387963770678108e+34,1009.9885717024245,903.9178388257243,1041.9989654524677,-1.7473946040911197e+56
-3.1178529170502512e+35,1007.214402302713,678.3865004619685,1041.9989654524677,-1.7473946040911197e+56
-8.77573921719193e+34,998.6542690719579,615.611855617943,1041.9989654524677,-1.7473946040911197e+56
-7.927520894157447e+33,995.991933157364,977.3860139478968,1041.9989654524677,-1.7473946040911197e+56
-4.961174554973226e+33,993.9419830476603,965.9597648265587,1041.9989654524677,-1.7473946040911197e+56
-1.5497135342847874e+34,993.4682048083084,964.0324026687199,1041.9989654524677,-1.7473946040911197e+56
-2.797795351840605e+35,1003.8977979061845,980.6453124974863,1041.9989654524677,-1.7473946040911197e+56
-1.1995660797178388e+35,999.7402638150264,985.181634380583,1041.9989654524677,-1.7473946040911197e+56
-1.9849340337984666e+35,1006.7272262084932,984.1384636778828,1041.9989654524677,-1.7473946040911197e+56
-8.708525757500619e+33,996.1559334674353,965.2628454007748,1041.9989654524677,-1.7473946040911197e+56
-1.8496403755745018e+35,999.7355396405236,976.2188239642682,1041.9989654524677,-1.7473946040911197e+56
-2.938395733758114e+34,1009.6546224366729,975.1079525968614,1041.9989654524677,-1.7473946040911197e+56
-3.793997505788695e+34,1002.8703898955766,984.4724166580824,1041.9989654524677,-1.7473946040911197e+56
-7.211225897173775e+34,998.0067457060354,987.8771856000544,1041.9989654524677,-1.7473946040911197e+56
-4.6008316384000816e+33,998.7023953158297,985.3014669998779,1041.9989654524677,-1.7473946040911197e+56
-1.33388695134087e+35,1006.0256521235419,981.3985418044888,1041.9989654524677,-1.7473946040911197e+56
-1.4691452330671099e+34,1000.3744109208619,981.1180439762005,1041.9989654524677,-1.7473946040911197e+56
-1.339221664853891e+35,998.4016435778098,929.0468157327999,1041.9989654524677,-1.7473946040911197e+56
802.8195788377076,999.1860058348235,978.763064868998,1041.9989654524677,-1.7473946040911197e+56
-1.726096724785593e+35,997.3044173438814,828.5229753827634,1041.9989654524677,-1.7473946040911197e+56
-5.874221709767114e+34,996.8908456033546,988.9402117637458,1041.9989654524677,-1.7473946040911197e+56
-5.492591113155228e+34,993.711704443245,973.1163635160243,1041.9989654524677,-1.7473946040911197e+56
-2.1095095012347415e+35,995.8986389174322,961.9660156525375,1041.9989654524677,-1.7473946040911197e+56
-6.374306904494534e+33,1011.9219108655839,975.245252492672,1041.9989654524677,-1.7473946040911197e+56
-7.953200846657124e+34,1003.4349697792596,432.47648834870256,1041.9989654524677,-1.7473946040911197e+56
-2.580284057032247e+35,997.4917362781798,684.9512745895554,1041.9989654524677,-1.7473946040911197e+56
-4.753452453140861e+34,1000.8048754061708,989.5440836689942,1041.9989654524677,-1.7473946040911197e+56
-2.6785716044539505e+35,1009.5857134793944,974.9209936420837,1041.9989654524677,-1.7473946040911197e+56
-2.9612047291402723e+36,1007.8687038653069,452.11961890775973,1041.9989654524677,-1.7473946040911197e+56
910.6510335743438,1003.5585699535691,979.2572013244209,1041.9989654524677,-1.7473946040911197e+56
-2.7089107746538395e+34,1009.5388920177331,900.5190163372637,1041.9989654524677,-1.7473946040911197e+56
-6.062359159810158e+35,1005.7476164466985,950.830607293976,1041.9989654524677,-1.7473946040911197e+56
-5.17494894830967e+36,1005.2940339673036,886.5642235534025,1041.9989654524677,-1.7473946040911197e+56
-3.621096431988731e+36,1002.776365227092,517.3474988467308,1041.9989654524677,-1.7473946040911197e+56
-4.9869612016524796e+36,998.72753494879,362.0966197080247,1041.9989654524677,-1.7473946040911197e+56
-2.266086462717353e+34,998.7181460400077,972.4431807790558,1041.9989654524677,-1.7473946040911197e+56
-1.510425120156748e+35,1002.9313737966256,986.4727894230497,1041.9989654524677,-1.7473946040911197e+56
-4.4471987882908175e+35,1002.5419675372386,507.035024915857,1041.9989654524677,-1.7473946040911197e+56
-2.24604205966891e+35,1006.4404923157451,992.1713659316143,1041.9989654524677,-1.7473946040911197e+56
-6.19879421399147e+34,997.6549744530439,973.4293219293041,1041.9989654524677,-1.7473946040911197e+56
-7.105729356452692e+35,990.0456772606219,481.4466362580839,1041.9989654524677,-1.7473946040911197e+56
-6.882609316724642e+35,1003.9899015494454,962.5948037698005,1041.9989654524677,-1.7473946040911197e+56
-3.5671854469790585e+35,1004.1507334217365,993.3047282541678,1041.9989654524677,-1.7473946040911197e+56
-2.3209233260235175e+35,1002.039443294713,990.511144257357,1041.9989654524677,-1.7473946040911197e+56
-3.0560620096664897e+35,1003.3823879535579,987.3696432727844,1041.9989654524677,-1.7473946040911197e+56
-1.956429605270754e+35,1003.3895216917019,988.066541051517,1041.9989654524677,-1.7473946040911197e+56
852.3765628994282,1003.8081449869179,977.2040433747733,1041.9989654524677,-1.7473946040911197e+56
-1.6456990534995018e+35,994.8582336842632,971.7264138850824,1041.9989654524677,-1.7473946040911197e+56
924.0646337796336,1006.8779285810475,994.4680865713636,1041.9989654524677,-1.7473946040911197e+56
-1.2213052574410157e+34,999.5808612252179,991.2332554295484,1041.9989654524677,-1.7473946040911197e+56
-1.8992131642963e+35,1004.0685936071627,988.187358259193,1041.9989654524677,-1.7473946040911197e+56
-2.7842917618694533e+34,1004.5804875458984,984.2753048728268,1041.9989654524677,-1.7473946040911197e+56
-2.11640491039984e+35,998.2006095969815,968.934026747334,1041.9989654524677,-1.7473946040911197e+56
-1.3096768238632443e+35,1000.1985942779501,959.453165427573,1041.9989654524677,-1.7473946040911197e+56
856.0285788198861,1005.9236756657959,987.6267732311757,1041.9989654524677,-1.7473946040911197e+56
865.9765303186917,1005.0472102554933,994.2792668394076,1041.9989654524677,-1.7473946040911197e+56
-2.8027803372148047e+35,1004.2471136115246,986.57420722004,1041.9989654524677,-1.7473946040911197e+56
-4.70615578228638e+34,1001.1426360899455,976.9478410178053,1041.9989654524677,-1.7473946040911197e+56
-9.742283099753812e+35,1001.858990376998,545.7827225643125,1041.9989654524677,-1.7473946040911197e+56
815.6579994390976,999.16693294936,968.9761305203525,1041.9989654524677,-1.7473946040911197e+56
827.6036050148449,999.8393754926138,978.0017283328125,1041.9989654524677,-1.7473946040911197e+56
822.074869883381,998.4919474710525,985.2914953446341,1041.9989654524677,-1.7473946040911197e+56
698.288781405725,999.9105000099966,957.7488817784428,1041.9989654524677,-1.7473946040911197e+56
682.6839069227896,1006.4141305463546,906.6403090971214,1041.9989654524677,-1.7473946040911197e+56
807.7682994951836,999.1140639994055,971.0221732157294,1041.9989654524677,-1.7473946040911197e+56
887.703203601638,1010.031180250453,966.3665128771366,1041.9989654524677,-1.7473946040911197e+56
-1.4150129223910946e+35,1003.8418611785578,991.673335028736,1041.9989654524677,-1.7473946040911197e+56
865.7378036238306,999.690499499151,988.624887407994,1041.9989654524677,-1.7473946040911197e+56
-3.373618075894124e+35,999.4658094883665,986.2818124014099,1041.9989654524677,-1.7473946040911197e+56
-1.0791113839022927e+36,1003.6154251796253,973.7596638153883,1041.9989654524677,-1.7473946040911197e+56
-4.133552245632911e+35,993.6859315961284,968.917397174571,1041.9989654524677,-1.7473946040911197e+56
-1.750612720085285e+36,996.0533612952067,647.0386975502821,1041.9989654524677,-1.7473946040911197e+56
-1.2763228913602066e+35,1005.2211077668702,984.6771015374067,1041.9989654524677,-1.7473946040911197e+56
-5.096868202758939e+35,1002.1763072806957,948.1113968343816,1041.9989654524677,-1.7473946040911197e+56
-1.4926458738757684e+36,998.071517779534,983.6167917001783,1041.9989654524677,-1.7473946040911197e+56
-7.2380463705555825e+34,1000.6773192659786,984.1534511345423,1041.9989654524677,-1.7473946040911197e+56
-7.157602763581498e+34,998.2534776354095,983.0550950708441,1041.9989654524677,-1.7473946040911197e+56
905.4752475106744,1002.2176004306735,975.5542689798983,1041.9989654524677,-1.7473946040911197e+56
-7.88891572498136e+32,1003.4014975704937,992.1436642469623,1041.9989654524677,-1.7473946040911197e+56
871.4511537190151,997.4803495087335,988.5952779818341,1041.9989654524677,-1.7473946040911197e+56
954.2964229279944,999.6648635506109,989.9058794932422,1041.9989654524677,-1.7473946040911197e+56
-4.788593498258753e+35,1004.0974093569413,968.1723648388735,1041.9989654524677,-1.7473946040911197e+56
-1.2585508990604913e+36,1003.0462172899599,959.9292536981288,1041.9989654524677,-1.7473946040911197e+56
-8.865497077656527e+35,998.974600025178,975.9528813171809,1041.9989654524677,-1.7473946040911197e+56
-1.8549466240525986e+36,1008.8211422543033,980.8068124423561,1041.9989654524677,-1.7473946040911197e+56
-1.5323120954864413e+36,1002.2787488205147,989.4557544765945,1041.9989654524677,-1.7473946040911197e+56
-1.5374569117648268e+36,1007.9863373358477,979.3431815610656,1041.9989654524677,-1.7473946040911197e+56
-3.214558109559832e+36,992.338301850896,719.004909838206,1041.9989654524677,-1.7473946040911197e+56
-1.1794628893419757e+36,1010.7601137935803,979.9182349373698,1041.9989654524677,-1.7473946040911197e+56
-1.320785077306003e+36,1001.0075404642546,949.7158770169317,1041.9989654524677,-1.7473946040911197e+56
-8.896126434569046e+35,1008.9291008762593,993.4258093635185,1041.9989654524677,-1.7473946040911197e+56
-2.451311357112366e+36,1001.5758884959469,979.0364949411812,1041.9989654524677,-1.7473946040911197e+56
-2.1280502594190868e+36,1001.5717841370293,988.2565318896029,1041.9989654524677,-1.7473946040911197e+56
-2.6145663285679263e+36,1009.8356868651949,700.8389977397528,1041.9989654524677,-1.7473946040911197e+56
-2.2041070736905324e+36,997.7478628728184,980.6016911261518,1041.9989654524677,-1.7473946040911197e+56
-4.8858858980878344e+36,1023.7298459412211,968.4472738649937,1041.9989654524677,-1.7473946040911197e+56
-1.6711634101111138e+36,1000.341111642097,987.749468067323,1041.9989654524677,-1.7473946040911197e+56
-7.395169671887915e+35,1002.8372559774516,990.0931668860048,1041.9989654524677,-1.7473946040911197e+56
-2.1177642030784434e+36,1003.2157040370853,985.710547727167,1041.9989654524677,-1.7473946040911197e+56
-2.2838085675801604e+36,999.6588711121291,977.0177004890364,1041.9989654524677,-1.7473946040911197e+56
-6.419145486620769e+36,997.9878125950033,787.5751916115612,1041.9989654524677,-1.7473946040911197e+56
-4.057860927275527e+36,1008.8122228137789,980.932102618398,1041.9989654524677,-1.7473946040911197e+56
-4.78539381428508e+35,1001.5918635594179,992.2669606014792,1041.9989654524677,-1.7473946040911197e+56
-1.1610530787454337e+36,1005.7200843862398,995.5107046399356,1041.9989654524677,-1.7473946040911197e+56
-4.1559130751503606e+36,1005.0322665407094,978.7941378255059,1041.9989654524677,-1.7473946040911197e+56
-7.1498040922484e+36,999.5524123436913,323.6537758574937,1041.9989654524677,-1.7473946040911197e+56
-3.6577518623993405e+35,1004.5416013276541,982.7099435972837,1041.9989654524677,-1.7473946040911197e+56
854.4314678490721,1014.1837926875442,973.5564709197059,1041.9989654524677,-1.7473946040911197e+56
-9.412626823110578e+35,1001.9514264429575,989.3169097174103,1041.9989654524677,-1.7473946040911197e+56
840.155683236012,1003.4086999890966,990.3811524881789,1041.9989654524677,-1.7473946040911197e+56
-4.1859455202676545e+36,997.5954027152951,953.0292065716029,1041.9989654524677,-1.7473946040911197e+56
-4.9159365598738117e+36,993.7812630007716,894.779859615149,1041.9989654524677,-1.7473946040911197e+56
-6.762253543734801e+36,1000.8893478902957,973.2341162114358,1041.9989654524677,-1.7473946040911197e+56
-2.92155011218213e+36,1020.7996128366481,977.90883729309,1041.9989654524677,-1.7473946040911197e+56
-3.1828627155004962e+35,996.3723280766183,973.7448646431028,1041.9989654524677,-1.7473946040911197e+56
-1.5445612495461054e+36,987.3714502544126,966.9753223814391,1041.9989654524677,-1.7473946040911197e+56
780.4066110456977,997.380269585015,952.3648699506149,1041.9989654524677,-1.7473946040911197e+56
-2.6298851345246138e+36,1011.5787201950134,437.2251758505486,1041.9989654524677,-1.7473946040911197e+56
-4.8175563328330265e+36,1002.9145082522649,384.0623013969447,1041.9989654524677,-1.7473946040911197e+56
-7.850012527754712e+35,1001.4667961188692,954.497679976182,1041.9989654524677,-1.7473946040911197e+56
-1.1095055194980113e+36,1006.4258271806501,760.8514942688146,1041.9989654524677,-1.7473946040911197e+56
-8.392418166269053e+36,999.5483717942969,414.8719347405498,1041.9989654524677,-1.7473946040911197e+56
-1.85559465195546e+35,997.976811718647,986.4382925835824,1041.9989654524677,-1.7473946040911197e+56
-2.653334922151577e+36,997.9885706187257,982.785155146388,1041.9989654524677,-1.7473946040911197e+56
-1.5591770536123479e+35,1010.5002968155115,973.6630169795237,1041.9989654524677,-1.7473946040911197e+56
-1.7547429364609282e+36,1024.4627786132412,975.09388312299,1041.9989654524677,-1.7473946040911197e+56
816.5143329142535,1005.1481679191,983.5290232600121,1041.9989654524677,-1.7473946040911197e+56
-5.8925359269580195e+35,996.5802359675371,980.7988271409462,1041.9989654524677,-1.7473946040911197e+56
-2.6136667136459548e+36,994.9048585298368,939.6853329899587,1041.9989654524677,-1.7473946040911197e+56
-2.2544240862721293e+36,1002.8032097150685,980.731294668282,1041.9989654524677,-1.7473946040911197e+56
-5.073066447612523e+36,997.7001628044686,970.1723561963215,1041.9989654524677,-1.7473946040911197e+56
-7.417043227655771e+35,1009.5262882842965,973.3298020717482,1041.9989654524677,-1.7473946040911197e+56
-3.0681695833204124e+36,999.0515877165991,975.1982807740012,1041.9989654524677,-1.7473946040911197e+56
797.4020257307915,997.3696983284523,985.8169297481603,1041.9989654524677,-1.7473946040911197e+56
-6.987805143497092e+36,997.3926824471047,982.8295592071795,1041.9989654524677,-1.7473946040911197e+56
-2.3437272406558672e+36,1012.0539850652492,984.9961045942254,1041.9989654524677,-1.7473946040911197e+56
-6.275343715064466e+36,995.5849423229444,478.82750755009255,1041.9989654524677,-1.7473946040911197e+56
-1.3403063801828861e+37,1009.4585245430723,708.5564649604843,1041.9989654524677,-1.7473946040911197e+56
-6.890438825657443e+36,1005.2653848149625,990.2602433625198,1041.9989654524677,-1.7473946040911197e+56
873.5894611039636,1000.8757133567711,984.5073145537287,1041.9989654524677,-1.7473946040911197e+56
716.8454593465525,1000.0122345897908,979.5794741644766,1041.9989654524677,-1.7473946040911197e+56
-3.96044628484301e+35,1006.8163383817661,379.67937803314516,1041.9989654524677,-1.7473946040911197e+56
-1.3718831722041474e+37,1000.987911668357,970.6779061714759,1041.9989654524677,-1.7473946040911197e+56
-3.6988107700767254e+36,999.9615111572349,975.953351890678,1041.9989654524677,-1.7473946040911197e+56
-6.952933387722638e+36,1000.0404019939241,755.3964448193574,1041.9989654524677,-1.7473946040911197e+56
-1.6727468663462727e+37,999.6290441895445,356.4155261400088,1041.9989654524677,-1.7473946040911197e+56
815.6997673174081,997.470678815233,980.5928148334311,1041.9989654524677,-1.7473946040911197e+56
-5.190322167415228e+35,990.438845914358,518.7402259853658,1041.9989654524677,-1.7473946040911197e+56
-1.7324571572502997e+37,993.9118248465667,707.3787733229146,1041.9989654524677,-1.7473946040911197e+56
755.2782016366865,1012.9223063569111,965.6858551470701,1041.9989654524677,-1.7473946040911197e+56
718.260954253561,1002.7399865347132,981.6825156512863,1041.9989654524677,-1.7473946040911197e+56
-1.3941408549195709e+35,997.1439786864869,421.8499487177814,1041.9989654524677,-1.7473946040911197e+56
667.7695911537946,994.8431613447916,709.6053599936067,1041.9989654524677,-1.7473946040911197e+56
703.4093402605722,992.7463773252146,901.7154422199866,1041.9989654524677,-1.7473946040911197e+56
863.3369137596949,1002.6809182360338,976.1033156010716,1041.9989654524677,-1.7473946040911197e+56
-4.809131726048083e+35,989.1759246298155,961.3224624466147,1041.9989654524677,-1.7473946040911197e+56
-9.24700364892235e+35,1004.8899989196339,986.8046293994887,1041.9989654524677,-1.7473946040911197e+56
-2.406732928502152e+35,996.7236206652157,980.8966257198482,1041.9989654524677,-1.7473946040911197e+56
723.2927113173625,999.7770784106897,957.1181157702384,1041.9989654524677,-1.7473946040911197e+56
-3.0436476487690157e+35,996.926267539941,959.8556192316157,1041.9989654524677,-1.7473946040911197e+56
-7.660726599120041e+36,994.6321056917059,784.4598400462139,1041.9989654524677,-1.7473946040911197e+56
882.3764123764672,1009.9273011206318,975.6882828185694,1041.9989654524677,-1.7473946040911197e+56
-4.47984347450859e+35,1002.5183323055127,761.1210775117328,1041.9989654524677,-1.7473946040911197e+56
-4.769755623662624e+36,1001.8723150332635,946.9722555072543,1041.9989654524677,-1.7473946040911197e+56
-3.906908882931759e+36,1005.8871793949448,989.3791821006831,1041.9989654524677,-1.7473946040911197e+56
-3.3230879354418306e+35,1009.7038795044297,977.285115495101,1041.9989654524677,-1.7473946040911197e+56
-9.732060219634129e+34,1007.5485069040326,967.939755456322,1041.9989654524677,-1.7473946040911197e+56
-8.655216518683403e+36,1000.990236026946,965.1013521287632,1041.9989654524677,-1.7473946040911197e+56
-1.9100089555075527e+37,1005.059332415293,369.42605978662766,1041.9989654524677,-1.7473946040911197e+56
-2.6442453376611477e+36,1004.7677944216217,949.2054513636587,1041.9989654524677,-1.7473946040911197e+56
-1.1167461469957137e+36,999.4083677677653,404.8415980518449,1041.9989654524677,-1.7473946040911197e+56
-2.3827055741710475e+36,998.8498212850442,523.3697405913266,1041.9989654524677,-1.7473946040911197e+56
-3.481320793389229e+36,998.3423308571519,961.8818966599679,1041.9989654524677,-1.7473946040911197e+56
-1.11550759198336e+37,1003.3305234742475,962.8305302895974,1041.9989654524677,-1.7473946040911197e+56
646.6505151610772,1001.674062672025,599.1449546820767,1041.9989654524677,-1.7473946040911197e+56
-2.0087881598436356e+37,998.5724824637335,488.6566126131353,1041.9989654524677,-1.7473946040911197e+56
-1.0166076244914835e+37,1001.0579593286368,980.1685621071684,1041.9989654524677,-1.7473946040911197e+56
-3.3545108761416733e+37,987.5977091990459,371.8730355393288,1041.9989654524677,-1.7473946040911197e+56
-7.83153658654408e+36,996.597861234331,964.0285164631551,1041.9989654524677,-1.7473946040911197e+56
-3.6646966237458105e+37,1004.4807273257121,971.3606520743015,1041.9989654524677,-1.7473946040911197e+56
-5.645955545687817e+35,1003.6867222166859,982.4751203414024,1041.9989654524677,-1.7473946040911197e+56
-2.2174748668630574e+37,1001.4138786604218,555.6816760767284,1041.9989654524677,-1.7473946040911197e+56
-1.026833616842809e+37,1002.2749929119166,447.9465144695361,1041.9989654524677,-1.7473946040911197e+56
-4.142213733937165e+36,997.2301494310516,965.5714038810036,1041.9989654524677,-1.7473946040911197e+56
-5.730180568769254e+36,1014.2387047471407,633.8816908201051,1041.9989654524677,-1.7473946040911197e+56
-1.6127255220811312e+36,999.0848074072982,969.104536754812,1041.9989654524677,-1.7473946040911197e+56
-2.1710864862136835e+37,999.1169166190552,986.7011994141245,1041.9989654524677,-1.7473946040911197e+56
757.654862117697,1000.1229082398485,982.485636101342,1041.9989654524677,-1.7473946040911197e+56
859.9653973321338,994.5728542755857,984.7985842640798,1041.9989654524677,-1.7473946040911197e+56
869.0159299484942,999.4459171325967,961.6321538764565,1041.9989654524677,-1.7473946040911197e+56
865.6550474769921,997.0131916509634,978.2344295292663,1041.9989654524677,-1.7473946040911197e+56
882.5937877370409,1012.2354003827217,967.7458558161493,1041.9989654524677,-1.7473946040911197e+56
-2.7681903556869356e+36,997.193720458983,984.6819889433804,1041.9989654524677,-1.7473946040911197e+56
-1.4023909785676114e+37,998.9637938723798,980.2735373561787,1041.9989654524677,-1.7473946040911197e+56
-4.7022511581344275e+37,1009.1777830327668,982.6592249553729,1041.9989654524677,-1.7473946040911197e+56
-3.2689347750321225e+37,990.8646410164882,969.8823409311657,1041.9989654524677,-1.7473946040911197e+56
-6.38788118038589e+37,995.2003184515306,691.478850923794,1041.9989654524677,-1.7473946040911197e+56
-3.5922794593536066e+37,1020.7406287497283,973.6867459777288,1041.9989654524677,-1.7473946040911197e+56
-2.553232806437941e+37,1001.7106407699181,974.9621386789071,1041.9989654524677,-1.7473946040911197e+56
-9.90363377572046e+36,997.2017236080108,452.9930243056456,1041.9989654524677,-1.7473946040911197e+56
-3.405574495053171e+37,997.9236654221756,981.4245332383197,1041.9989654524677,-1.7473946040911197e+56
-5.255353628665221e+37,997.328199386626,974.6931679136226,1041.9989654524677,-1.7473946040911197e+56
-1.602374332835545e+37,997.305395771859,873.9957613107636,1041.9989654524677,-1.7473946040911197e+56
-9.464830896704698e+36,995.8112717426261,947.6613789199447,1041.9989654524677,-1.7473946040911197e+56
-2.802332150804037e+37,998.2403870462595,985.5300229861865,1041.9989654524677,-1.7473946040911197e+56
-2.3523470076902582e+36,999.1695337685072,987.24547690756,1041.9989654524677,-1.7473946040911197e+56
748.670998480339,995.4719267994755,972.4429508164899,1041.9989654524677,-1.7473946040911197e+56
-5.459624231186309e+37,1006.9683982379947,971.6331038227119,1041.9989654524677,-1.7473946040911197e+56
-7.77321160857209e+37,997.836758832996,955.14875017221,1041.9989654524677,-1.7473946040911197e+56
-3.1627773172392014e+35,1006.6266152281731,977.3869747115124,1041.9989654524677,-1.7473946040911197e+56
-1.92817922489786e+38,994.3770337091485,344.9860482002626,1041.9989654524677,-1.7473946040911197e+56
-7.822631962142596e+38,996.9362817751341,939.5148329040238,1041.9989654524677,-1.7473946040911197e+56
-5.468593100292367e+37,992.6517913027859,971.0732612651525,1041.9989654524677,-1.7473946040911197e+56
-1.8181571066771088e+37,1002.8185284031334,984.2371986075743,1041.9989654524677,-1.7473946040911197e+56
942.181284456408,1018.5335507103197,978.3223722265619,1041.9989654524677,-1.7473946040911197e+56
-5.638632411622061e+37,998.7784521299048,982.2260096291303,1041.9989654524677,-1.7473946040911197e+56
-1.2731340745902218e+37,992.3984244382002,970.117660139394,1041.9989654524677,-1.7473946040911197e+56
876.2531447499422,997.5015294737511,967.4834199467981,1041.9989654524677,-1.7473946040911197e+56
-2.357297606380084e+37,997.7055529703345,980.5309760179346,1041.9989654524677,-1.7473946040911197e+56
-6.898519839688138e+36,1001.823580422007,974.1834432266988,1041.9989654524677,-1.7473946040911197e+56
-2.7024461265247443e+37,1011.401761847337,984.3923316238753,1041.9989654524677,-1.7473946040911197e+56
-4.0271194129893965e+37,1001.3636873914712,965.6186698448284,1041.9989654524677,-1.7473946040911197e+56
-5.62320231970133e+37,1000.9464566978503,987.4394291641867,1041.9989654524677,-1.7473946040911197e+56
-4.664064847773779e+37,996.0843803962284,979.5597262353803,1041.9989654524677,-1.7473946040911197e+56
-9.512965590036841e+37,992.4397790673112,978.7349508341913,1041.9989654524677,-1.7473946040911197e+56
-2.190106006449059e+37,1004.7117329551307,975.0652002873555,1041.9989654524677,-1.7473946040911197e+56
-7.529775646255631e+35,1000.2719233164854,971.1926593389804,1041.9989654524677,-1.7473946040911197e+56
-8.01267517184099e+37,1002.4689256780904,953.2723618649025,1041.9989654524677,-1.7473946040911197e+56
-1.3902085565491297e+38,1003.1860483380207,740.0977001424983,1041.9989654524677,-1.7473946040911197e+56
-1.5900882472724135e+38,998.8514214085322,583.6465156456658,1041.9989654524677,-1.7473946040911197e+56
-7.089022622666108e+37,989.5291547914117,579.9374170827624,1041.9989654524677,-1.7473946040911197e+56
772.262877916289,993.7854913951702,979.2908300256053,1041.9989654524677,-1.7473946040911197e+56
-5.9770098610215165e+37,998.2169173944322,968.6754439700911,1041.9989654524677,-1.7473946040911197e+56
-1.135325395200823e+38,1018.8352236391673,967.7644941261692,1041.9989654524677,-1.7473946040911197e+56
-1.2976496630221677e+37,996.6201561110003,983.7906720043318,1041.9989654524677,-1.7473946040911197e+56
857.9738263775274,997.3635741597118,986.4519972505782,1041.9989654524677,-1.7473946040911197e+56
924.7481882547654,995.095911512448,985.3001209521825,1041.9989654524677,-1.7473946040911197e+56
797.9329829676989,995.7229136056426,955.0051940438904,1041.9989654524677,-1.7473946040911197e+56
815.0419023732246,1008.0669068872494,972.4190993571849,1041.9989654524677,-1.7473946040911197e+56
782.9926325470215,993.6490614241865,955.8124015281024,1041.9989654524677,-1.7473946040911197e+56
831.9474159110449,1007.994179129405,973.4471602609075,1041.9989654524677,-1.7473946040911197e+56
745.9553550350571,990.0452027872749,966.2435604711603,1041.9989654524677,-1.7473946040911197e+56
800.5372746814917,997.555907116447,982.0598049601984,1041.9989654524677,-1.7473946040911197e+56
796.3188444233165,1003.6402290166951,984.3760199643881,1041.9989654524677,-1.7473946040911197e+56
813.4681764339482,1001.1655488553456,984.0505615028277,1041.9989654524677,-1.7473946040911197e+56
817.6788019063686,1002.470091403413,981.849744346663,1041.9989654524677,-1.7473946040911197e+56
-2.1987611639927562e+36,997.8159743921491,986.7388229083019,1041.9989654524677,-1.7473946040911197e+56
920.9733313123223,1002.5451899110601,983.8939366630448,1041.9989654524677,-1.7473946040911197e+56
744.7413272989228,1001.9874865707159,965.5204262184593,1041.9989654524677,-1.7473946040911197e+56
726.0454467313037,996.5612097958012,942.718007028335,1041.9989654524677,-1.7473946040911197e+56
-4.625357663812551e+37,996.789959999162,984.6780246936312,1041.9989654524677,-1.7473946040911197e+56
892.6568569665058,998.8591298051011,989.6029729849542,1041.9989654524677,-1.7473946040911197e+56
915.5999342685151,994.2416396598834,976.17171114894,1041.9989654524677,-1.7473946040911197e+56
903.5952687949498,996.910226679374,989.0213894845738,1041.9989654524677,-1.7473946040911197e+56
-9.065765578209241e+36,998.3015682516797,938.9412436571207,1041.9989654524677,-1.7473946040911197e+56
-4.391243961250191e+37,1002.2012095951659,993.6702493532919,1041.9989654524677,-1.7473946040911197e+56
-3.1571343592993264e+37,1005.8484299362111,959.0379290488387,1041.9989654524677,-1.7473946040911197e+56
-5.365911012908962e+36,994.2398447148772,973.509773465568,1041.9989654524677,-1.7473946040911197e+56
-8.409501698859227e+37,999.2654441011673,988.3655143543946,1041.9989654524677,-1.7473946040911197e+56
976.4517386797961,997.965633783142,990.1827484253246,1041.9989654524677,-1.7473946040911197e+56
782.531812600387,997.491816637468,953.7672296632273,1041.9989654524677,-1.7473946040911197e+56
-5.975145505035868e+36,998.1646965425505,987.2377506210743,1041.9989654524677,-1.7473946040911197e+56
840.5167748893259,998.9792755299796,985.633931970315,1041.9989654524677,-1.7473946040911197e+56
902.7018209741256,999.6079838583032,987.455948344668,1041.9989654524677,-1.7473946040911197e+56
-5.487018949572704e+37,1000.54932047772,981.8232369680385,1041.9989654524677,-1.7473946040911197e+56
888.6700288882486,1002.9266771083576,988.5778698932111,1041.9989654524677,-1.7473946040911197e+56
900.5197234561405,1000.3488625591871,988.1813756310595,1041.9989654524677,-1.7473946040911197e+56
-2.84074729504877e+37,1003.7665811317653,987.2527398142124,1041.9989654524677,-1.7473946040911197e+56
-2.209544877972494e+38,993.2389452745679,965.0092618799466,1041.9989654524677,-1.7473946040911197e+56
-2.540362259613283e+37,999.0702965076059,986.282741658183,1041.9989654524677,-1.7473946040911197e+56
-1.5512378923210574e+38,1000.3778751338665,984.4790036404105,1041.9989654524677,-1.7473946040911197e+56
-1.643948815342482e+38,998.5421674715965,987.9777582163175,1041.9989654524677,-1.7473946040911197e+56
-2.0409576962607214e+38,1000.2423385535479,772.3724423776164,1041.9989654524677,-1.7473946040911197e+56
-1.350300882468496e+38,995.9224465587297,926.534523043279,1041.9989654524677,-1.7473946040911197e+56
824.1652574201468,997.3155534032489,986.6543253548049,1041.9989654524677,-1.7473946040911197e+56
-1.5081975908971317e+38,1000.8903457727124,988.7869681485101,1041.9989654524677,-1.7473946040911197e+56
-1.417640229278638e+38,999.771526274513,970.2904318641029,1041.9989654524677,-1.7473946040911197e+56
-1.0916570413255654e+38,997.2366870182939,986.4431723765781,1041.9989654524677,-1.7473946040911197e+56
-3.167486728184124e+38,995.1721314423119,986.9640049055718,1041.9989654524677,-1.7473946040911197e+56
-2.6047818801503158e+38,999.7047270439984,987.1753602784577,1041.9989654524677,-1.7473946040911197e+56
-3.3225609248116896e+38,995.7755667670339,727.4289100560386,1041.9989654524677,-1.7473946040911197e+56
-2.642417223215013e+37,995.2332602423008,978.7249973504549,1041.9989654524677,-1.7473946040911197e+56
965.2231135301873,995.8533815372034,988.2153894293085,1041.9989654524677,-1.7473946040911197e+56
-2.651338145738793e+38,1000.0507262275094,984.271007971734,1041.9989654524677,-1.7473946040911197e+56
-7.874680835699285e+36,1000.3699149330853,945.4483255479211,1041.9989654524677,-1.7473946040911197e+56
-4.5791481234010966e+38,997.46481517737,985.5217210848386,1041.9989654524677,-1.7473946040911197e+56
-7.283942452352062e+38,996.3165256510446,985.4586010509677,1041.9989654524677,-1.7473946040911197e+56
-7.581707514276984e+38,1002.9745638987146,989.194529488217,1041.9989654524677,-1.7473946040911197e+56
-4.299788811804774e+38,996.9790290371037,968.7269764731625,1041.9989654524677,-1.7473946040911197e+56
-7.407008678439047e+39,998.606575972415,980.4845347219398,1041.9989654524677,-1.7473946040911197e+56
-6.55114393169994e+38,997.9214873538991,942.3732272538927,1041.9989654524677,-1.7473946040911197e+56
-3.501063706292848e+38,1002.1031440165475,988.6762763010419,1041.9989654524677,-1.7473946040911197e+56
-6.94994531953332e+38,999.2831332426704,973.10499185093,1041.9989654524677,-1.7473946040911197e+56
-8.458155511730588e+38,996.3917515687837,980.4113806488799,1041.9989654524677,-1.7473946040911197e+56
-6.3491924916386605e+38,999.3575251094001,984.5013571986201,1041.9989654524677,-1.7473946040911197e+56
-1.5747581738146044e+38,1002.8234481572443,993.1690649166035,1041.9989654524677,-1.7473946040911197e+56
798.4458074451754,997.6122235557744,976.1494998396308,1041.9989654524677,-1.7473946040911197e+56
-8.065606033128229e+38,998.9280594162533,957.5532197185446,1041.9989654524677,-1.7473946040911197e+56
-6.501227704348331e+38,999.5557469861101,988.0560049224645,1041.9989654524677,-1.7473946040911197e+56
-1.5609210923352883e+38,1002.6867418490687,986.9088089035262,1041.9989654524677,-1.7473946040911197e+56
-9.033920569855135e+38,996.9177953767129,730.2462683119477,1041.9989654524677,-1.7473946040911197e+56
-2.136941137326239e+39,997.6863975798974,898.7322714446909,1041.9989654524677,-1.7473946040911197e+56
923.6915951205757,997.7611195040209,988.0599244774468,1041.9989654524677,-1.7473946040911197e+56
-5.282400978519582e+38,1003.7317712325265,983.7228407701405,1041.9989654524677,-1.7473946040911197e+56
-2.0791844515975423e+38,995.8007550856246,966.1178177723423,1041.9989654524677,-1.7473946040911197e+56
-8.506369023144504e+36,997.9653307844593,890.8441781322491,1041.9989654524677,-1.7473946040911197e+56
-1.5069660270462607e+38,994.2370560428943,947.7216718937669,1041.9989654524677,-1.7473946040911197e+56
834.0669839933342,1003.4965905666783,992.763947384126,1041.9989654524677,-1.7473946040911197e+56
-3.6032911783764156e+38,1010.6111304544615,975.8343894609096,1041.9989654524677,-1.7473946040911197e+56
757.5090652021838,1002.6489414253612,929.1724944506836,1041.9989654524677,-1.7473946040911197e+56
-1.5742581821268738e+38,1007.4617541009876,984.9355423210893,1041.9989654524677,-1.7473946040911197e+56
-8.708753289758593e+37,1007.2643998698135,992.2954833417966,1041.9989654524677,-1.7473946040911197e+56
-1.796628754450126e+39,991.6318568831192,595.6623576947942,1041.9989654524677,-1.7473946040911197e+56
655.8980944870048,996.4514048124154,593.9370269655153,1041.9989654524677,-1.7473946040911197e+56
734.40634585984,1002.658661431434,880.9065393633317,1041.9989654524677,-1.7473946040911197e+56
-4.2336413813830016e+38,1001.5277315321716,989.4614828306281,1041.9989654524677,-1.7473946040911197e+56
-3.932902755518803e+38,999.5720716209714,980.7683217428134,1041.9989654524677,-1.7473946040911197e+56
-1.0072326006021828e+38,1004.0751535781617,983.4800240380446,1041.9989654524677,-1.7473946040911197e+56
780.2918873672118,997.0691093124444,986.4628606851236,1041.9989654524677,-1.7473946040911197e+56
-1.67465953547912e+38,1002.9833313678793,986.7975639544269,1041.9989654524677,-1.7473946040911197e+56
-2.596284036459546e+38,1005.3947563281772,978.968154255365,1041.9989654524677,-1.7473946040911197e+56
931.0845247851854,1000.9857773312372,987.230706842975,1041.9989654524677,-1.7473946040911197e+56
-4.5289996417629736e+38,1002.2558131508916,989.1760224273098,1041.9989654524677,-1.7473946040911197e+56
-9.082679468040326e+37,1001.7902060825364,990.8126186010071,1041.9989654524677,-1.7473946040911197e+56
-3.343959171603557e+39,1000.4167923473029,968.3242381907361,1041.9989654524677,-1.7473946040911197e+56
-4.522474923407322e+39,996.7826832490574,585.796282899276,1041.9989654524677,-1.7473946040911197e+56
-3.460496817570991e+39,1000.9771010062497,359.64990066499945,1041.9989654524677,-1.7473946040911197e+56
-1.937150054264314e+39,1005.235491701585,990.2632294578762,1041.9989654524677,-1.7473946040911197e+56
-4.029827698419997e+38,1005.5230944582385,974.2500960746296,1041.9989654524677,-1.7473946040911197e+56
-1.0329266565086802e+39,1002.9729272841828,991.2818135729866,1041.9989654524677,-1.7473946040911197e+56
-7.476021264241484e+38,1004.5942466240247,716.0671089874099,1041.9989654524677,-1.7473946040911197e+56
941.8081081912512,1004.7569090014891,995.2463266457945,1041.9989654524677,-1.7473946040911197e+56
-1.3531894620241064e+38,1007.903692833304,979.8421848458066,1041.9989654524677,-1.7473946040911197e+56
-7.66321411004836e+38,1003.6162251849158,987.6562910254695,1041.9989654524677,-1.7473946040911197e+56
785.374021360352,1008.7223851988052,980.2546940659671,1041.9989654524677,-1.7473946040911197e+56
-1.6255496900296997e+39,1007.5075732223092,996.8498452577014,1041.9989654524677,-1.7473946040911197e+56
-2.0440537853540285e+39,1004.897293074694,964.8249343563302,1041.9989654524677,-1.7473946040911197e+56
-1.6833370181291218e+39,1005.9147128856414,983.0850499768646,1041.9989654524677,-1.7473946040911197e+56
742.3671211436756,1001.5543560261497,985.0413370239881,1041.9989654524677,-1.7473946040911197e+56
886.8968291369484,1003.4725479296029,993.466002301558,1041.9989654524677,-1.7473946040911197e+56
-6.8030140901880446e+38,1011.4147923396227,979.5037165721977,1041.9989654524677,-1.7473946040911197e+56
-5.2271982902532654e+39,999.3046290137203,493.4456420866365,1041.9989654524677,-1.7473946040911197e+56
-1.6353677227468316e+38,1000.4039264636726,983.2916497128834,1041.9989654524677,-1.7473946040911197e+56
-1.3599944555962472e+38,1003.1562089511116,989.4481948445364,1041.9989654524677,-1.7473946040911197e+56
-2.1502394190326926e+39,1002.0606874691756,981.0317392595067,1041.9989654524677,-1.7473946040911197e+56
-4.4747411144522544e+39,1000.338590147094,358.02881286327874,1041.9989654524677,-1.7473946040911197e+56
-1.318943805960876e+39,1009.1360998310269,848.128619223997,1041.9989654524677,-1.7473946040911197e+56
-2.2104376678455443e+39,1006.9229083713668,969.1025428777846,1041.9989654524677,-1.7473946040911197e+56
-3.561535102006201e+39,984.0971758998747,922.8763779234724,1041.9989654524677,-1.7473946040911197e+56
640.0758835647046,1001.8598062127816,411.3342127371904,1041.9989654524677,-1.7473946040911197e+56
-1.3249173904725535e+39,1005.7470615582909,982.0797896004193,1041.9989654524677,-1.7473946040911197e+56
-8.843417804645218e+38,1009.1613480228763,996.2887253252251,1041.9989654524677,-1.7473946040911197e+56
-2.2188096399326676e+39,1007.938361033012,983.3953123413604,1041.9989654524677,-1.7473946040911197e+56
-1.880570004041671e+38,1001.8457268627743,955.9989258686729,1041.9989654524677,-1.7473946040911197e+56
-5.366608197077667e+38,1005.3074261656959,993.5116240808861,1041.9989654524677,-1.7473946040911197e+56
-4.963114046731626e+38,1003.803697560245,995.6628146413402,1041.9989654524677,-1.7473946040911197e+56
-1.1460438067896364e+39,994.9033610684706,976.1511197576966,1041.9989654524677,-1.7473946040911197e+56
-1.4974287374892788e+39,996.6985059223446,968.7881473286084,1041.9989654524677,-1.7473946040911197e+56
-6.91386324767832e+38,1004.3295438593,992.5968888237838,1041.9989654524677,-1.7473946040911197e+56
-4.614800559799e+37,1002.4072993073379,994.5957443655004,1041.9989654524677,-1.7473946040911197e+56
-7.392997150215046e+39,1006.5415210089068,933.3724550843463,1041.9989654524677,-1.7473946040911197e+56
900.5242971643404,1003.2765411340667,992.6228740119063,1041.9989654524677,-1.7473946040911197e+56
-1.6709378422068035e+39,1002.247566802154,996.1260124708604,1041.9989654524677,-1.7473946040911197e+56
997.195625856358,1005.6884525701228,997.4560136062317,1041.9989654524677,-1.7473946040911197e+56
-3.507226126289554e+39,1004.2292795980302,978.9953823242491,1041.9989654524677,-1.7473946040911197e+56
780.6005780987454,1003.8978874908013,991.496123683967,1041.9989654524677,-1.7473946040911197e+56
826.8660874669382,1003.8978277343441,984.2146707866983,1041.9989654524677,-1.7473946040911197e+56
-1.5186172020012585e+39,1007.3517943387825,997.8882306365435,1041.9989654524677,-1.7473946040911197e+56
827.0760608283744,1000.8599659493102,978.5993263279106,1041.9989654524677,-1.7473946040911197e+56
-8.763750515356001e+38,1004.9731587298343,983.7002294934285,1041.9989654524677,-1.7473946040911197e+56
742.5405860553896,1003.4136749892899,984.0434498725076,1041.9989654524677,-1.7473946040911197e+56
-1.1662006792383593e+40,1011.9797291109223,993.0585180455382,1041.9989654524677,-1.7473946040911197e+56
-1.1876436290025233e+40,1001.4968494427944,380.3646207760135,1041.9989654524677,-1.7473946040911197e+56
-1.18298286240732e+40,1006.6022268336347,958.9052118685448,1041.9989654524677,-1.7473946040911197e+56
-7.228922798022151e+38,1006.6714308984415,987.4147058545847,1041.9989654524677,-1.7473946040911197e+56
-4.264311512272244e+39,1009.792168232476,1000.2891081726194,1041.9989654524677,-1.7473946040911197e+56
-9.392554778395817e+38,1002.2802513031903,982.0746577556903,1041.9989654524677,-1.7473946040911197e+56
-1.1056120526182895e+40,1006.3662203741029,977.6282964805814,1041.9989654524677,-1.7473946040911197e+56
-2.1203056253921502e+39,1005.3860493562329,954.4239851429271,1041.9989654524677,-1.7473946040911197e+56
-8.848297591932848e+39,1010.8115533342636,997.1256521511997,1041.9989654524677,-1.7473946040911197e+56
-5.520548406397073e+39,1008.5025435967382,984.2794360335921,1041.9989654524677,-1.7473946040911197e+56
-2.2109762523290216e+40,1009.4131310242976,706.4023835194724,1041.9989654524677,-1.7473946040911197e+56
-8.879020510721681e+39,1006.8459690483915,952.698130414233,1041.9989654524677,-1.7473946040911197e+56
-4.348772378252123e+37,1014.5299887079937,1000.5985951385762,1041.9989654524677,-1.7473946040911197e+56
-3.03844188181225e+40,993.9457171492714,343.78977647995305,1041.9989654524677,-1.7473946040911197e+56
-2.005389884384456e+39,1001.9541330497391,502.5540307388718,1041.9989654524677,-1.7473946040911197e+56
-1.0954736690154638e+40,1008.5704585304321,960.6789390817529,1041.9989654524677,-1.7473946040911197e+56
-2.0511164238516432e+40,1013.9050016214397,958.6034329563498,1041.9989654524677,-1.7473946040911197e+56
-1.1666647968355473e+40,997.2657545145115,983.8146590731866,1041.9989654524677,-1.7473946040911197e+56
-4.682560830616743e+39,1009.3248101692901,989.2332312176783,1041.9989654524677,-1.7473946040911197e+56
-1.980743462608453e+40,1000.6503531022253,587.5269698433697,1041.9989654524677,-1.7473946040911197e+56
-1.0107340256243454e+40,1006.0883921458676,997.6142498621488,1041.9989654524677,-1.7473946040911197e+56
-6.88451194302937e+39,995.275087563288,578.1355882504521,1041.9989654524677,-1.7473946040911197e+56
-2.6610034314017126e+40,999.6870488932004,987.5152086919022,1041.9989654524677,-1.7473946040911197e+56
-1.832409196453291e+41,1002.4143234996184,987.9871614927199,1041.9989654524677,-1.7473946040911197e+56
-2.607028510022452e+40,1007.7824555647015,959.4929563433677,1041.9989654524677,-1.7473946040911197e+56
842.6560208268696,1011.2787451886461,984.0338968790463,1041.9989654524677,-1.7473946040911197e+56
-6.843746068665909e+37,1000.9208702330362,981.7352040278049,1041.9989654524677,-1.7473946040911197e+56
-2.5186589567915485e+39,1002.6622484440883,988.8725082060835,1041.9989654524677,-1.7473946040911197e+56
-2.7526998469988558e+37,1008.2742360381054,978.3421565872003,1041.9989654524677,-1.7473946040911197e+56
788.5138155793462,1005.9073310077863,959.1283159522858,1041.9989654524677,-1.7473946040911197e+56
-6.172655287284265e+39,1000.077140809216,346.57838648764005,1041.9989654524677,-1.7473946040911197e+56
-4.9485039723130265e+39,1001.0809537273689,987.4048613028633,1041.9989654524677,-1.7473946040911197e+56
-1.822852894420774e+41,1006.5103367715348,989.0750453010553,1041.9989654524677,-1.7473946040911197e+56
-1.0424761686869559e+40,1002.342365333131,980.1373410318455,1041.9989654524677,-1.7473946040911197e+56
-1.084507500662966e+40,996.4850893808521,985.6739922352723,1041.9989654524677,-1.7473946040911197e+56
-7.83551700056926e+38,1004.9831438974048,983.6633422332884,1041.9989654524677,-1.7473946040911197e+56
-1.9218071109635861e+40,1006.0105140850701,988.4804289055319,1041.9989654524677,-1.7473946040911197e+56
-1.0861991549372275e+39,999.6758322336652,974.953389728556,1041.9989654524677,-1.7473946040911197e+56
-1.8062798134914203e+40,996.8285670281033,959.2069239571506,1041.9989654524677,-1.7473946040911197e+56
-6.217254106295246e+39,999.9490632128417,979.0386384290855,1041.9989654524677,-1.7473946040911197e+56
-2.3319898072933715e+40,1010.818279916389,988.7034721530737,1041.9989654524677,-1.7473946040911197e+56
-5.5945099505240855e+40,995.891258211544,620.5031995623374,1041.9989654524677,-1.7473946040911197e+56
-3.0818936288426954e+41,1002.2282590441932,986.3960091352747,1041.9989654524677,-1.7473946040911197e+56
-2.5748616790157754e+40,1004.033050441453,984.073449200833,1041.9989654524677,-1.7473946040911197e+56
-2.538963525722894e+40,1010.5542134370371,993.2704182496547,1041.9989654524677,-1.7473946040911197e+56
-2.6633198433845212e+39,1004.9510350468063,704.8640572377756,1041.9989654524677,-1.7473946040911197e+56
-2.314968712377568e+40,998.4759005157234,944.8708111765303,1041.9989654524677,-1.7473946040911197e+56
-2.955027371253633e+41,1001.8115777035365,598.6268822207974,1041.9989654524677,-1.7473946040911197e+56
-2.0841326394950328e+40,1005.4806299550216,992.3686470924877,1041.9989654524677,-1.7473946040911197e+56
-5.587985274666932e+40,998.165450775656,971.5434382828647,1041.9989654524677,-1.7473946040911197e+56
-1.0327827497600974e+40,1000.1404149620198,988.3258298925391,1041.9989654524677,-1.7473946040911197e+56
-7.670748825819816e+40,1002.3327195443662,990.2002399718905,1041.9989654524677,-1.7473946040911197e+56
-2.9588305195748384e+40,1008.012188205678,996.622128003238,1041.9989654524677,-1.7473946040911197e+56
-1.6477031581227002e+40,992.1133587592362,975.2709753199272,1041.9989654524677,-1.7473946040911197e+56
-8.033989770052028e+40,1007.8957818217449,977.541737495312,1041.9989654524677,-1.7473946040911197e+56
-4.819719764101101e+40,1003.6325776483833,990.5432666322705,1041.9989654524677,-1.7473946040911197e+56
-6.631631267404509e+39,1005.647454677229,996.5473933477766,1041.9989654524677,-1.7473946040911197e+56
-7.731457544635307e+40,1000.1169837048631,978.4908517458551,1041.9989654524677,-1.7473946040911197e+56
-2.9700717261255753e+40,1000.6474929332186,943.0780096836043,1041.9989654524677,-1.7473946040911197e+56
-9.528298072037002e+39,1006.3087867334032,984.8600169040292,1041.9989654524677,-1.7473946040911197e+56
-4.861107358293135e+40,1005.442128495854,992.1644437284284,1041.9989654524677,-1.7473946040911197e+56
-1.2114659046516299e+40,995.5846685343774,980.893029146155,1041.9989654524677,-1.7473946040911197e+56
-1.1639667287904305e+41,997.0390638591238,978.7104160833355,1041.9989654524677,-1.7473946040911197e+56
-4.617239613073117e+40,1005.111041272983,992.232947505793,1041.9989654524677,-1.7473946040911197e+56
-1.2412610375136821e+41,1011.5713545852713,984.9813670362064,1041.9989654524677,-1.7473946040911197e+56
-5.274997302409033e+40,992.9285209680781,612.5174853611726,1041.9989654524677,-1.7473946040911197e+56
-5.57347135851299e+40,1001.0897667188327,990.160218080149,1041.9989654524677,-1.7473946040911197e+56
-7.122228816069554e+39,1002.2484347059439,988.4609151774712,1041.9989654524677,-1.7473946040911197e+56
-5.794316763573304e+40,1007.7115342536199,996.5260300790972,1041.9989654524677,-1.7473946040911197e+56
-1.6665039910385598e+40,1007.2450521108029,988.5559077030737,1041.9989654524677,-1.7473946040911197e+56
-7.494077797320512e+37,1002.3588763453694,962.8397036173527,1041.9989654524677,-1.7473946040911197e+56
821.5820736463828,1001.4931961760094,975.4422432889712,1041.9989654524677,-1.7473946040911197e+56
-1.7275799125926693e+40,1010.8818356410616,993.5318445592296,1041.9989654524677,-1.7473946040911197e+56
-4.773206475075285e+40,998.9675307746214,402.2080576136705,1041.9989654524677,-1.7473946040911197e+56
-1.2316037708654915e+41,1004.4699756490537,984.0363242969822,1041.9989654524677,-1.7473946040911197e+56
-1.3300331392024723e+41,1001.8306186148685,987.492424739573,1041.9989654524677,-1.7473946040911197e+56
-3.4576276622201535e+40,1005.8683728259318,993.5018839857826,1041.9989654524677,-1.7473946040911197e+56
-5.005766676582134e+40,1000.943344705836,981.1010541712386,1041.9989654524677,-1.7473946040911197e+56
900.6095988417082,1000.3556691805712,986.1631044914653,1041.9989654524677,-1.7473946040911197e+56
-5.678346724492912e+40,1003.950435429418,948.7343785050974,1041.9989654524677,-1.7473946040911197e+56
-3.9569482688918493e+40,1005.9999723959696,994.6216479548859,1041.9989654524677,-1.7473946040911197e+56
-3.043788153687557e+41,996.0970735488992,568.7188932872514,1041.9989654524677,-1.7473946040911197e+56
-1.4657873378525855e+41,999.7525888941442,980.8645155233054,1041.9989654524677,-1.7473946040911197e+56
-4.702048143666256e+40,1003.6663566180597,989.8805826714497,1041.9989654524677,-1.7473946040911197e+56
834.7880349238786,1004.4488989265984,991.3081408180207,1041.9989654524677,-1.7473946040911197e+56
-1.2632498429323775e+39,1002.624038920738,788.0346958407974,1041.9989654524677,-1.7473946040911197e+56
-5.916538000560014e+40,1002.221933152024,989.5665900406213,1041.9989654524677,-1.7473946040911197e+56
-6.327108235411151e+39,1001.2780252161994,990.7145512468435,1041.9989654524677,-1.7473946040911197e+56
-1.0947175026389632e+41,1002.9044698033057,991.8581927120788,1041.9989654524677,-1.7473946040911197e+56
-5.487358336195839e+40,1002.4776745067751,973.9239564894046,1041.9989654524677,-1.7473946040911197e+56
-6.863736052157753e+39,1000.6947086152231,983.3396783713856,1041.9989654524677,-1.7473946040911197e+56
-2.5323463168127345e+38,1000.9134447656,988.6851263614542,1041.9989654524677,-1.7473946040911197e+56
-6.033021609025307e+40,1004.4613137628523,993.718780118162,1041.9989654524677,-1.7473946040911197e+56
827.7688746123765,1001.1303774075188,975.5794715523803,1041.9989654524677,-1.7473946040911197e+56
-1.7691265603402988e+40,1002.8886299445106,984.9566885013625,1041.9989654524677,-1.7473946040911197e+56
-2.298453151757622e+41,1000.2759220722957,983.6835373673694,1041.9989654524677,-1.7473946040911197e+56
-1.711055310639943e+40,1010.1275332766281,993.811673201727,1041.9989654524677,-1.7473946040911197e+56
-9.453952195544013e+40,1004.2214908592205,985.1954536500614,1041.9989654524677,-1.7473946040911197e+56
-7.90646955879896e+40,1008.9694825867514,988.535422710922,1041.9989654524677,-1.7473946040911197e+56
-1.016358715697692e+41,1005.6875747405917,994.6110758603318,1041.9989654524677,-1.7473946040911197e+56
-1.3068958018313797e+41,1010.5280952196938,984.3598192096238,1041.9989654524677,-1.7473946040911197e+56
-1.5005198482747434e+41,1000.5601104675565,918.4625872972655,1041.9989654524677,-1.7473946040911197e+56
-7.578179223435524e+40,1001.3915879847701,984.7350326484084,1041.9989654524677,-1.7473946040911197e+56
-3.1407729554347703e+40,1004.3148696843374,978.0035329496565,1041.9989654524677,-1.7473946040911197e+56
-4.11092915709633e+41,1007.0623616294135,995.5324070754165,1041.9989654524677,-1.7473946040911197e+56
-1.0430572761104574e+41,1005.6213473564999,408.91729949856625,1041.9989654524677,-1.7473946040911197e+56
-8.918163776787968e+40,1000.088530293178,988.5143831560864,1041.9989654524677,-1.7473946040911197e+56
-1.7719397752653142e+41,1002.3729782403542,984.3440517379273,1041.9989654524677,-1.7473946040911197e+56
-1.7530603959546305e+41,1003.3412900866626,986.9500258467687,1041.9989654524677,-1.7473946040911197e+56
762.896877074435,1003.4778276705449,977.1172233275277,1041.9989654524677,-1.7473946040911197e+56
841.6747350087841,1002.745215493159,992.4979459776648,1041.9989654524677,-1.7473946040911197e+56
-1.3573974468548961e+41,1006.0434753505236,987.1155279290109,1041.9989654524677,-1.7473946040911197e+56
-9.779019775673015e+40,1005.4847265669704,993.9966938134497,1041.9989654524677,-1.7473946040911197e+56
709.6003881455161,992.0547991487622,885.9718670879075,1041.9989654524677,-1.7473946040911197e+56
-1.3572756547388761e+39,1016.3710123527233,991.9770770364299,1041.9989654524677,-1.7473946040911197e+56
-1.6737496308235126e+41,1007.9888291273352,992.9009591361182,1041.9989654524677,-1.7473946040911197e+56
-5.643564703089313e+40,1007.2090328610674,1000.0786772754185,1041.9989654524677,-1.7473946040911197e+56
-1.461845841701253e+41,1004.4020684025621,500.89669171210903,1041.9989654524677,-1.7473946040911197e+56
-3.2959382248864592e+41,1001.3088601796027,992.3994337276636,1041.9989654524677,-1.7473946040911197e+56
-2.011956868565366e+41,1006.4126500962523,993.5897880303627,1041.9989654524677,-1.7473946040911197e+56
-3.227582551571449e+41,1011.2608837218211,954.5526581638089,1041.9989654524677,-1.7473946040911197e+56
-2.3126553459623524e+41,1014.1570305824023,586.7927632138737,1041.9989654524677,-1.7473946040911197e+56
-6.329478827451235e+40,1008.5094337920399,983.7968350302313,1041.9989654524677,-1.7473946040911197e+56
-3.4561719325427036e+41,1003.8095157994513,438.32544896223925,1041.9989654524677,-1.7473946040911197e+56
-3.660547423057625e+41,1007.4042700503226,996.4940459776875,1041.9989654524677,-1.7473946040911197e+56
-2.509187753956743e+40,997.8610207324399,970.2099839254956,1041.9989654524677,-1.7473946040911197e+56
-1.6334508624141052e+41,1008.9175855988242,990.7150126304036,1041.9989654524677,-1.7473946040911197e+56
-7.109350111448718e+41,1004.0137058239651,982.1747430894629,1041.9989654524677,-1.7473946040911197e+56
-1.6630689896431058e+41,1005.1688961025064,989.1160094362511,1041.9989654524677,-1.7473946040911197e+56
-2.659465317002388e+41,996.0758084727971,930.1841099207696,1041.9989654524677,-1.7473946040911197e+56
-2.3508176927995742e+41,1000.3725587202879,985.2081272555207,1041.9989654524677,-1.7473946040911197e+56
866.697510646591,1000.2630611156633,988.2019245414687,1041.9989654524677,-1.7473946040911197e+56
-6.3751830567320165e+40,1004.8050745568046,995.0548448030122,1041.9989654524677,-1.7473946040911197e+56
655.3061088726835,1002.6141339134692,605.9076995274656,1041.9989654524677,-1.7473946040911197e+56
-1.2803570628441019e+41,1009.1729293120917,980.1230787114222,1041.9989654524677,-1.7473946040911197e+56
-2.1876859800001583e+41,1007.1475301424425,996.2431049197702,1041.9989654524677,-1.7473946040911197e+56
-2.0685787028196378e+41,1011.4728652460589,1000.0308392007929,1041.9989654524677,-1.7473946040911197e+56
-9.440996547778053e+41,1004.8727041493213,952.2699147153737,1041.9989654524677,-1.7473946040911197e+56
-3.24313051649092e+41,1008.3935871761937,977.037513521906,1041.9989654524677,-1.7473946040911197e+56
851.7916226433227,1010.9502717081529,980.4079028315494,1041.9989654524677,-1.7473946040911197e+56
-2.9023959318570667e+41,1010.3808722847555,948.5066282043668,1041.9989654524677,-1.7473946040911197e+56
-1.1051609298985058e+42,998.508159925148,572.521078929847,1041.9989654524677,-1.7473946040911197e+56
-4.418522429887998e+41,1005.50027619867,960.9275808141036,1041.9989654524677,-1.7473946040911197e+56
-4.7613038516335454e+41,1006.5495581443962,991.4946271370399,1041.9989654524677,-1.7473946040911197e+56
-8.100821746836459e+41,1011.5197555148584,996.3970396038342,1041.9989654524677,-1.7473946040911197e+56
-8.663054203767225e+41,998.2873040046077,333.47619964610453,1041.9989654524677,-1.7473946040911197e+56
-1.285445265701608e+41,1006.8089780398888,989.9762031672349,1041.9989654524677,-1.7473946040911197e+56
-3.734804678792751e+41,1005.9270024832765,983.8666304888393,1041.9989654524677,-1.7473946040911197e+56
-3.010316606928455e+41,1012.1802130288919,997.6795909072522,1041.9989654524677,-1.7473946040911197e+56
-4.389955584687474e+41,995.4362423247175,951.3392866655174,1041.9989654524677,-1.7473946040911197e+56
-1.094039511221265e+42,1011.8853426373198,985.3987068427278,1041.9989654524677,-1.7473946040911197e+56
-5.9394955799411556e+41,1013.1481152530813,946.7344124769057,1041.9989654524677,-1.7473946040911197e+56
-1.8664999881883794e+41,1009.690402493109,987.0122303114211,1041.9989654524677,-1.7473946040911197e+56
-1.1682816071632266e+41,1006.0175206384561,970.4411139787769,1041.9989654524677,-1.7473946040911197e+56
820.0070978143518,1003.5161979622355,980.008625002527,1041.9989654524677,-1.7473946040911197e+56
897.0175469447148,1008.6334148724536,984.2674810529959,1041.9989654524677,-1.7473946040911197e+56
833.4322684315035,1012.6579250778988,999.2347971262363,1041.9989654524677,-1.7473946040911197e+56
-3.860237490102144e+41,992.3997452836809,969.7251569798269,1041.9989654524677,-1.7473946040911197e+56
-4.246925334642212e+40,1005.1643051261732,981.1739182217565,1041.9989654524677,-1.7473946040911197e+56
-1.5884124428400329e+41,1005.071709364845,974.3779130244645,1041.9989654524677,-1.7473946040911197e+56
990.8955274563236,1019.4523651551945,995.9959965221683,1041.9989654524677,-1.7473946040911197e+56
-3.0796399341373414e+41,1001.7360105370446,984.3671888009736,1041.9989654524677,-1.7473946040911197e+56
-1.1185945056961399e+42,1003.0688526495795,520.7528523995973,1041.9989654524677,-1.7473946040911197e+56
-7.591492683855795e+41,1010.3735475250775,983.6371369153026,1041.9989654524677,-1.7473946040911197e+56
-3.0839510482874733e+41,1009.371250536449,966.7814112256254,1041.9989654524677,-1.7473946040911197e+56
-1.645063787614926e+42,1007.2046752208086,951.2040420529784,1041.9989654524677,-1.7473946040911197e+56
-1.215674761439047e+42,1009.0333938399316,949.3876149775065,1041.9989654524677,-1.7473946040911197e+56
-4.926078787082696e+41,1009.5424781202424,997.8737531703763,1041.9989654524677,-1.7473946040911197e+56
864.4432830453325,1012.1489519001457,993.421910117045,1041.9989654524677,-1.7473946040911197e+56
-1.3997740770731012e+42,999.0198143383171,974.7598800155978,1041.9989654524677,-1.7473946040911197e+56
-2.84659201951452e+40,1006.634866744437,993.9576296724723,1041.9989654524677,-1.7473946040911197e+56
-2.8238197514117408e+41,1006.2938955362388,995.3046061081468,1041.9989654524677,-1.7473946040911197e+56
-6.772456035806131e+41,1007.5167245854468,991.8113491072886,1041.9989654524677,-1.7473946040911197e+56
-7.203518227017042e+41,999.9477999283674,979.1841718091226,1041.9989654524677,-1.7473946040911197e+56
-8.39972501039531e+41,1007.3904216933273,952.8628473525092,1041.9989654524677,-1.7473946040911197e+56
-1.3704305680559993e+42,1006.2077883462506,971.4851656553371,1041.9989654524677,-1.7473946040911197e+56
-5.954902498056781e+41,1007.571334956221,1001.4414597108156,1041.9989654524677,-1.7473946040911197e+56
-1.005258544501288e+41,992.5285032717652,977.8825235246278,1041.9989654524677,-1.7473946040911197e+56
-1.3810495873391118e+42,1007.6196311509841,962.3851999038807,1041.9989654524677,-1.7473946040911197e+56
-1.9105720483005904e+42,1004.7625243054144,991.7909178575416,1041.9989654524677,-1.7473946040911197e+56
-5.960765000279739e+41,1006.650923505654,995.6204804388653,1041.9989654524677,-1.7473946040911197e+56
-7.87375002095883e+41,997.0026284169121,976.6111170989437,1041.9989654524677,-1.7473946040911197e+56
-1.0727270744115185e+42,1008.3116976308825,993.1284044887321,1041.9989654524677,-1.7473946040911197e+56
-6.866146161253959e+41,1006.5247713298294,985.353841594483,1041.9989654524677,-1.7473946040911197e+56
-7.501796321276864e+41,1010.9619200145384,1001.4920042090312,1041.9989654524677,-1.7473946040911197e+56
-3.9278096608426546e+42,997.465226527612,981.9847915284404,1041.9989654524677,-1.7473946040911197e+56
-3.97281422411541e+41,1008.8272119437053,962.0632821256958,1041.9989654524677,-1.7473946040911197e+56
-2.4870688693804652e+42,1011.9563447969095,991.037640992403,1041.9989654524677,-1.7473946040911197e+56
-1.9694254015490507e+42,1009.5752165917714,997.8706503131373,1041.9989654524677,-1.7473946040911197e+56
-4.2053561981723104e+42,997.6311908265178,975.0797741722436,1041.9989654524677,-1.7473946040911197e+56
-2.9145288614872198e+41,1007.7932768371361,997.6214655762931,1041.9989654524677,-1.7473946040911197e+56
890.5950456190368,1011.0458669330886,1002.7691793140472,1041.9989654524677,-1.7473946040911197e+56
-1.5831592532409542e+42,1010.3865820523911,1001.5073483886238,1041.9989654524677,-1.7473946040911197e+56
-1.383653377760589e+42,1006.4415717178999,984.5552032961464,1041.9989654524677,-1.7473946040911197e+56
-1.125173900359792e+42,1016.1421512690924,994.9110699266603,1041.9989654524677,-1.7473946040911197e+56
-9.996680610839135e+41,1011.3658221055166,995.7657700053111,1041.9989654524677,-1.7473946040911197e+56
-2.693183965819708e+42,1011.5043355208034,989.5234712664989,1041.9989654524677,-1.7473946040911197e+56
-2.1182362434969254e+42,1005.3803357066415,778.7780671489755,1041.9989654524677,-1.7473946040911197e+56
-4.1385743971545027e+42,1002.755938971335,988.7389165927475,1041.9989654524677,-1.7473946040911197e+56
-4.3141756567939496e+42,1007.3244455869986,999.4600569362484,1041.9989654524677,-1.7473946040911197e+56
-5.360996162918264e+41,1009.4838324290437,1002.5908594649529,1041.9989654524677,-1.7473946040911197e+56
-1.995195667225567e+42,1001.5959915380892,975.511637943612,1041.9989654524677,-1.7473946040911197e+56
-9.934266892351261e+41,1010.4606499222012,985.2499961096713,1041.9989654524677,-1.7473946040911197e+56
-3.748217884622156e+43,1006.4129382560097,981.8674257089339,1041.9989654524677,-1.7473946040911197e+56
-2.5973273927056892e+42,1013.3684863570209,998.9717787991282,1041.9989654524677,-1.7473946040911197e+56
-1.346977385999381e+42,989.8414125709093,725.5039585974927,1041.9989654524677,-1.7473946040911197e+56
884.7002055084479,1007.5596765520069,994.135525667365,1041.9989654524677,-1.7473946040911197e+56
-1.4686531612293472e+43,1007.2758150215334,51.550295853929526,1041.9989654524677,-1.7473946040911197e+56
-4.817942550732968e+42,1004.8072529599561,996.3779642885821,1041.9989654524677,-1.7473946040911197e+56
-4.329985778299243e+42,1009.8466883316221,969.3043555438611,1041.9989654524677,-1.7473946040911197e+56
-8.123043899491116e+42,1010.0153164938534,746.9795711039189,1041.9989654524677,-1.7473946040911197e+56
-1.0026126622021345e+43,1008.1832652204147,986.7333122820984,1041.9989654524677,-1.7473946040911197e+56
-3.5451220909263864e+42,1009.5516052631798,997.9806172397631,1041.9989654524677,-1.7473946040911197e+56
-2.3375847420297458e+42,994.6282835785785,974.5056404821572,1041.9989654524677,-1.7473946040911197e+56
-2.7076214063047422e+42,1005.8072006474122,992.4025740942882,1041.9989654524677,-1.7473946040911197e+56
-3.783448865976911e+42,1007.7972908764018,990.3115833436896,1041.9989654524677,-1.7473946040911197e+56
-2.3908967526652588e+42,1009.3720920421589,992.6790495217658,1041.9989654524677,-1.7473946040911197e+56
-2.5021404525313962e+42,995.5163181858086,972.8711080563586,1041.9989654524677,-1.7473946040911197e+56
-1.2898955636377318e+41,1006.2840763174389,992.485087819551,1041.9989654524677,-1.7473946040911197e+56
-5.9587481031600926e+41,1006.4242081893884,992.4555780488566,1041.9989654524677,-1.7473946040911197e+56
-3.8419629146293724e+41,1009.9226429203053,999.2096743086988,1041.9989654524677,-1.7473946040911197e+56
-7.411377632660487e+42,1003.0175238059181,981.2017779485697,1041.9989654524677,-1.7473946040911197e+56
-1.4119769490287832e+42,1012.3397990066858,987.0712358813482,1041.9989654524677,-1.7473946040911197e+56
-1.0056918122293721e+42,1006.0264713767226,994.1638751470346,1041.9989654524677,-1.7473946040911197e+56
-5.757141769954428e+41,1014.2443664534956,999.4091006251717,1041.9989654524677,-1.7473946040911197e+56
-7.155470464132505e+42,1003.1661842667717,970.4728467665378,1041.9989654524677,-1.7473946040911197e+56
-9.18220863056962e+42,1005.3318333838428,987.5503174607774,1041.9989654524677,-1.7473946040911197e+56
-1.1689615057919902e+42,1010.7910161547105,988.9713599638333,1041.9989654524677,-1.7473946040911197e+56
-4.723436142759848e+42,1010.0239934419884,996.5998561779181,1041.9989654524677,-1.7473946040911197e+56
-3.038413174930593e+42,997.9299821523585,978.0585829072571,1041.9989654524677,-1.7473946040911197e+56
877.7711336072566,1010.3252515934,994.6784677972477,1041.9989654524677,-1.7473946040911197e+56
-2.194162822595294e+42,1006.7738560775102,991.8480397743323,1041.9989654524677,-1.7473946040911197e+56
-7.10663652121684e+42,1016.0552956263759,991.8679616899637,1041.9989654524677,-1.7473946040911197e+56
-7.754617108553577e+42,994.6522670598416,972.8920687564955,1041.9989654524677,-1.7473946040911197e+56
-1.6106883065504315e+42,1006.5920480633899,995.2155883877969,1041.9989654524677,-1.7473946040911197e+56
-1.0039648281582684e+42,1010.2977912278644,984.6253581874979,1041.9989654524677,-1.7473946040911197e+56
-3.508529423657647e+42,1012.13360805582,988.4861163882086,1041.9989654524677,-1.7473946040911197e+56
-1.3406663114337734e+42,1009.6439412282624,975.9666656170942,1041.9989654524677,-1.7473946040911197e+56
-1.6915341657149313e+42,1010.7429177906441,990.8447361457306,1041.9989654524677,-1.7473946040911197e+56
-5.585052172792662e+42,1010.5119628648506,993.3441324298476,1041.9989654524677,-1.7473946040911197e+56
-6.681251011315008e+42,1006.9676395348719,975.6295433394195,1041.9989654524677,-1.7473946040911197e+56
-2.2038691132258043e+42,998.6354214780446,980.3803508364033,1041.9989654524677,-1.7473946040911197e+56
-6.946137753870192e+42,1009.6138212153487,985.2160061784182,1041.9989654524677,-1.7473946040911197e+56
-4.92340759001709e+42,1007.961930778042,982.0758677664,1041.9989654524677,-1.7473946040911197e+56
-1.4782407426959892e+43,1007.405798837907,982.8167414087585,1041.9989654524677,-1.7473946040911197e+56
-2.805463357981458e+42,1001.19788437273,981.6707092999461,1041.9989654524677,-1.7473946040911197e+56
-1.0022455223167992e+43,1010.7535624868569,990.8478839813516,1041.9989654524677,-1.7473946040911197e+56
-1.5559749033238696e+42,1005.6596381104866,989.9356870287438,1041.9989654524677,-1.7473946040911197e+56
-1.2416777743183576e+43,1011.4448663929506,999.7807009046653,1041.9989654524677,-1.7473946040911197e+56
-3.167635204013521e+42,988.8751761440838,968.9322986789647,1041.9989654524677,-1.7473946040911197e+56
-4.0623252645618234e+41,1006.5909413787443,989.5971232138538,1041.9989654524677,-1.7473946040911197e+56
-6.497505686883887e+42,1010.0318449982041,996.4438494283347,1041.9989654524677,-1.7473946040911197e+56
-2.918430639074238e+43,1010.644056820215,992.4454146105368,1041.9989654524677,-1.7473946040911197e+56
-5.264333810884798e+43,988.6835585506374,495.12560266113746,1041.9989654524677,-1.7473946040911197e+56
-1.1120629218226134e+43,1010.5260964287029,995.807369085411,1041.9989654524677,-1.7473946040911197e+56
-4.740968104172308e+42,1012.0507345613303,978.8708565015693,1041.9989654524677,-1.7473946040911197e+56
-1.8309944758495255e+43,1009.4074909616143,994.8051545560168,1041.9989654524677,-1.7473946040911197e+56
-1.1568613710314443e+43,995.6162162027641,964.1119960262115,1041.9989654524677,-1.7473946040911197e+56
-2.939098285842921e+42,1008.5873423507428,999.4782157994447,1041.9989654524677,-1.7473946040911197e+56
-1.2950927689008551e+43,1010.362794490483,1002.3051165937911,1041.9989654524677,-1.7473946040911197e+56
-8.941373198372325e+42,1013.5037094748863,996.5941441066909,1041.9989654524677,-1.7473946040911197e+56
-2.2214834144927637e+43,994.552588862814,976.9105896783921,1041.9989654524677,-1.7473946040911197e+56
-2.5266451235563566e+43,1010.5535932474424,994.2483257617105,1041.9989654524677,-1.7473946040911197e+56
-4.9585324176965554e+42,1004.9842891061921,995.4547891509632,1041.9989654524677,-1.7473946040911197e+56
-1.8230775708359267e+41,1011.2812039256917,999.268367611851,1041.9989654524677,-1.7473946040911197e+56
-4.1972903631271013e+42,994.9802900353756,978.5945321934512,1041.9989654524677,-1.7473946040911197e+56
-3.5384072903300666e+43,1004.350279654738,992.450667254604,1041.9989654524677,-1.7473946040911197e+56
-3.4355880064782148e+43,1011.8192823292168,984.4361495514354,1041.9989654524677,-1.7473946040911197e+56
-7.095442532864772e+43,1005.0103867373007,991.7108041866835,1041.9989654524677,-1.7473946040911197e+56
-3.010020358709046e+43,1007.7800764713742,977.496923766472,1041.9989654524677,-1.7473946040911197e+56
-2.20904249744047e+42,1002.7189644057612,972.94912353636,1041.9989654524677,-1.7473946040911197e+56
-1.0562457340627952e+43,1011.0072360651326,961.6507520652311,1041.9989654524677,-1.7473946040911197e+56
-1.4930162849344485e+43,1012.2197286559212,962.7334908178053,1041.9989654524677,-1.7473946040911197e+56
-4.5549713047541015e+42,1003.1562528974472,982.5879233178949,1041.9989654524677,-1.7473946040911197e+56
-4.940507042531121e+41,1001.8724135045171,958.9518179937293,1041.9989654524677,-1.7473946040911197e+56
-2.8490363580287826e+43,1001.7657754357283,985.2881549304293,1041.9989654524677,-1.7473946040911197e+56
-7.136364972813814e+42,1009.0417900604234,995.8496763158496,1041.9989654524677,-1.7473946040911197e+56
-4.972028429527906e+43,1004.3598930057096,979.81867661236,1041.9989654524677,-1.7473946040911197e+56
979.1091408925558,1003.9474198031916,985.6498355872544,1041.9989654524677,-1.7473946040911197e+56
928.6350186753419,1003.2647864254941,988.0866138105705,1041.9989654524677,-1.7473946040911197e+56
-3.3313200139002665e+43,1008.910325323004,997.8431219750505,1041.9989654524677,-1.7473946040911197e+56
-1.158892350701049e+43,1022.8244888346205,982.9787645966206,1041.9989654524677,-1.7473946040911197e+56
-1.6310942635923407e+43,1003.7604827456094,994.646434138712,1041.9989654524677,-1.7473946040911197e+56
-1.2284032405009753e+43,1004.6592800137339,992.7218954080769,1041.9989654524677,-1.7473946040911197e+56
-3.807578634516318e+42,1014.3328292101836,997.3689174539418,1041.9989654524677,-1.7473946040911197e+56
-2.2230484036715223e+43,1005.2128366184468,982.3003303853984,1041.9989654524677,-1.7473946040911197e+56
-1.343579139701174e+43,1005.4428447682594,994.5989228872215,1041.9989654524677,-1.7473946040911197e+56
-5.014327379302714e+42,1010.1801405407293,990.0412499410661,1041.9989654524677,-1.7473946040911197e+56
-1.062239880617196e+43,1009.9933972980359,996.2489609622404,1041.9989654524677,-1.7473946040911197e+56
-9.907191051688498e+41,999.4035454766434,981.6149769257592,1041.9989654524677,-1.7473946040911197e+56
952.8076704484062,1003.8320699796618,997.8247151298364,1041.9989654524677,-1.7473946040911197e+56
-4.2519694703981736e+44,1007.3056771331139,968.0582970055315,1041.9989654524677,-1.7473946040911197e+56
-2.877888386876916e+43,1004.6114212924912,991.28286365034,1041.9989654524677,-1.7473946040911197e+56
-4.090338020608883e+43,997.16262300723,971.3612100304823,1041.9989654524677,-1.7473946040911197e+56
-3.4976470977082824e+43,1005.2335887853171,991.7961331984078,1041.9989654524677,-1.7473946040911197e+56
-5.94038205962742e+44,1007.195842359842,986.7346478097063,1041.9989654524677,-1.7473946040911197e+56
-3.126006247952285e+43,1011.0335789784679,995.7681250989938,1041.9989654524677,-1.7473946040911197e+56
-8.424714573363718e+43,1001.6252072485289,793.067534863517,1041.9989654524677,-1.7473946040911197e+56
-7.260782596688598e+44,1001.1722807369747,970.6965403390872,1041.9989654524677,-1.7473946040911197e+56
956.6626776867565,1005.5992695010696,994.0379313615664,1041.9989654524677,-1.7473946040911197e+56
-3.117552332482143e+43,1011.7489592695758,995.4071186905336,1041.9989654524677,-1.7473946040911197e+56
-8.03171377112106e+43,1004.1747203136102,961.5701188732177,1041.9989654524677,-1.7473946040911197e+56
-5.821591587013111e+43,1006.6324115315576,983.778014779781,1041.9989654524677,-1.7473946040911197e+56
-2.9092163478112196e+43,1006.7985504174453,991.9945758483277,1041.9989654524677,-1.7473946040911197e+56
-8.131077274951774e+43,1010.882978808666,990.419449827218,1041.9989654524677,-1.7473946040911197e+56
-6.630449335850166e+43,987.6733273718515,492.4606051431343,1041.9989654524677,-1.7473946040911197e+56
-2.303364558327884e+43,999.4712968833342,985.3707653603325,1041.9989654524677,-1.7473946040911197e+56
-1.9241643491372407e+43,1003.5269319065179,990.7445200456358,1041.9989654524677,-1.7473946040911197e+56
-2.5118745880684604e+43,1004.9883321166706,995.07262308616,1041.9989654524677,-1.7473946040911197e+56
-5.685098403087229e+43,990.9107636096985,957.3128771073912,1041.9989654524677,-1.7473946040911197e+56
-3.52357782334102e+43,1006.6266777901124,997.9244385795146,1041.9989654524677,-1.7473946040911197e+56
-1.2299642539312324e+44,1006.2825115872793,994.8648936184268,1041.9989654524677,-1.7473946040911197e+56
-6.533915656631377e+43,1008.1903000976318,996.8646901376841,1041.9989654524677,-1.7473946040911197e+56
-6.92009146004031e+43,988.9851020397101,964.4429771098958,1041.9989654524677,-1.7473946040911197e+56
-1.2528927899521114e+42,1006.4077661658534,994.6090250163411,1041.9989654524677,-1.7473946040911197e+56
-2.0263639084294865e+44,1011.4803744921568,970.8388704256195,1041.9989654524677,-1.7473946040911197e+56
-3.676259316344778e+43,1011.2569606450953,984.8089119309958,1041.9989654524677,-1.7473946040911197e+56
-2.276916877325437e+43,998.2463429146165,970.2531532420478,1041.9989654524677,-1.7473946040911197e+56
-6.96987392788646e+42,1010.0720063364005,995.1152009852474,1041.9989654524677,-1.7473946040911197e+56
-1.857722277678603e+44,1009.0885054379892,979.1791563281062,1041.9989654524677,-1.7473946040911197e+56
998.432561924384,1010.0876421043899,1002.641869876901,1041.9989654524677,-1.7473946040911197e+56
-1.5745241135204034e+44,993.930206049639,965.8762539659637,1041.9989654524677,-1.7473946040911197e+56
-9.485388987651723e+43,1012.58169667682,993.9315844037196,1041.9989654524677,-1.7473946040911197e+56
-9.140286270138792e+43,1011.4417959308754,997.0837318515415,1041.9989654524677,-1.7473946040911197e+56
-3.886579741789262e+44,1013.907507267878,1003.8719168262701,1041.9989654524677,-1.7473946040911197e+56
-9.95786151805727e+43,998.177169953401,957.9769214282786,1041.9989654524677,-1.7473946040911197e+56
-2.83186229765565e+44,1005.1226073154132,987.0560163159646,1041.9989654524677,-1.7473946040911197e+56
-2.1385065303583698e+44,1011.1284170043418,992.3701291937994,1041.9989654524677,-1.7473946040911197e+56
-5.289554076882836e+43,1013.6521487151506,999.710137644949,1041.9989654524677,-1.7473946040911197e+56
-6.515031679172889e+42,990.8941181392865,964.6637391436553,1041.9989654524677,-1.7473946040911197e+56
-8.688023247326146e+42,1009.1889161422433,994.8830632688257,1041.9989654524677,-1.7473946040911197e+56
-1.1380582278676428e+44,1012.2715945107019,994.5600538949493,1041.9989654524677,-1.7473946040911197e+56
-7.755268363114379e+43,1015.9125072711888,1000.2263190145427,1041.9989654524677,-1.7473946040911197e+56
-2.8590705045136353e+44,987.6035856346242,949.306893993899,1041.9989654524677,-1.7473946040911197e+56
-3.8381453908412894e+43,1009.4292376410506,995.5016963871434,1041.9989654524677,-1.7473946040911197e+56
-2.588385196449273e+44,1010.6230946688177,995.4825836274915,1041.9989654524677,-1.7473946040911197e+56
-2.4339296486454138e+44,1006.5369382111137,995.8476441403019,1041.9989654524677,-1.7473946040911197e+56
-6.756614833080179e+43,992.344333080602,962.8332620777743,1041.9989654524677,-1.7473946040911197e+56
-9.728156950512593e+43,1008.9019133577239,990.277093278763,1041.9989654524677,-1.7473946040911197e+56
-8.723603447942814e+43,1011.4558025202289,988.0757009467947,1041.9989654524677,-1.7473946040911197e+56
-6.802223037071444e+43,1012.4436040656343,1000.2578260658149,1041.9989654524677,-1.7473946040911197e+56
-2.6023972863490338e+44,996.9690620818513,942.4172894911396,1041.9989654524677,-1.7473946040911197e+56
-2.0688300365813533e+44,1011.3030430181689,993.4723483413793,1041.9989654524677,-1.7473946040911197e+56
-2.201392168514802e+43,1011.7159164134015,996.3692168459015,1041.9989654524677,-1.7473946040911197e+56
-5.190409818265506e+43,1013.720079651439,1001.1704807281426,1041.9989654524677,-1.7473946040911197e+56
-4.3318125828724485e+43,986.8952494529444,946.59634500839,1041.9989654524677,-1.7473946040911197e+56
-1.912242861298072e+44,1008.838654210288,999.3444986332705,1041.9989654524677,-1.7473946040911197e+56
-1.6604872464341231e+44,1014.4708655805589,1000.5139781072183,1041.9989654524677,-1.7473946040911197e+56
-3.101401120050343e+44,1014.7908981644988,988.9713201386775,1041.9989654524677,-1.7473946040911197e+56
-1.5362212145932272e+44,979.916009916689,627.2441070390939,1041.9989654524677,-1.7473946040911197e+56
-3.849853248680393e+44,1006.438297163786,991.6647683087964,1041.9989654524677,-1.7473946040911197e+56
-9.58146118552576e+43,1011.7339944631484,986.6679763530523,1041.9989654524677,-1.7473946040911197e+56
-2.3170906407450357e+44,1012.3663922285112,990.1437216602786,1041.9989654524677,-1.7473946040911197e+56
-5.884298110304003e+44,989.8768479836206,951.5323351404664,1041.9989654524677,-1.7473946040911197e+56
866.0261921962458,1006.837951801859,991.2656343862623,1041.9989654524677,-1.7473946040911197e+56
-8.840312724303419e+43,1010.6770048920057,990.8998725148498,1041.9989654524677,-1.7473946040911197e+56
-5.906734883905766e+44,1014.1580441489609,990.5447817229652,1041.9989654524677,-1.7473946040911197e+56
-1.2914720219483272e+44,988.299560244876,953.2237523267427,1041.9989654524677,-1.7473946040911197e+56
-1.4193818568963482e+44,1009.4727068417844,982.0678836688952,1041.9989654524677,-1.7473946040911197e+56
-3.7674713527748754e+44,1007.0585390255542,993.1015209370192,1041.9989654524677,-1.7473946040911197e+56
-7.1241652791752e+44,1011.8592262377754,995.088270671378,1041.9989654524677,-1.7473946040911197e+56
887.0273845821608,998.9637679570296,961.861443096844,1041.9989654524677,-1.7473946040911197e+56
-1.4318616902135138e+44,1008.4302849873569,992.6412470644422,1041.9989654524677,-1.7473946040911197e+56
-3.117169424526744e+43,1007.6518623288098,992.3570714187118,1041.9989654524677,-1.7473946040911197e+56
-2.229587683214947e+44,1018.9709128837126,998.2943152161778,1041.9989654524677,-1.7473946040911197e+56
-2.2117267128011442e+44,992.873000119671,725.3662541328972,1041.9989654524677,-1.7473946040911197e+56
-5.614955380507861e+44,1011.4761264389783,955.883498704284,1041.9989654524677,-1.7473946040911197e+56
-1.3019724287428208e+45,1008.7203993246051,993.7046466990266,1041.9989654524677,-1.7473946040911197e+56
-8.327200435502095e+44,1011.048757883021,1004.3592456189157,1041.9989654524677,-1.7473946040911197e+56
-3.4921653231362e+44,992.2993602199172,960.4553333916783,1041.9989654524677,-1.7473946040911197e+56
-6.6047893977250754e+44,1009.7917563538236,992.1113413623807,1041.9989654524677,-1.7473946040911197e+56
-7.248892551476272e+43,1011.0612724472414,990.6379727443755,1041.9989654524677,-1.7473946040911197e+56
-7.935202310433324e+44,1013.4338591562437,992.2418850850743,1041.9989654524677,-1.7473946040911197e+56
-3.863473270705431e+44,1006.2087356063555,367.6511232206396,1041.9989654524677,-1.7473946040911197e+56
-4.0898267617505546e+44,1007.8278331056898,978.6677250641374,1041.9989654524677,-1.7473946040911197e+56
-3.96372253723916e+44,1006.5138541524611,992.4269429813361,1041.9989654524677,-1.7473946040911197e+56
-5.204286885147998e+43,1014.4697984719783,994.8264612038054,1041.9989654524677,-1.7473946040911197e+56
-8.626605291062351e+44,997.5826114788874,920.5379062388511,1041.9989654524677,-1.7473946040911197e+56
-1.0225238199577116e+45,1013.2343068238204,973.5637820386861,1041.9989654524677,-1.7473946040911197e+56
-4.276381667082647e+44,1009.5241401069666,993.8475959771977,1041.9989654524677,-1.7473946040911197e+56
-1.803106412348034e+44,1009.0205308207288,997.9279659765008,1041.9989654524677,-1.7473946040911197e+56
-7.655527117545303e+44,1010.8495293567308,961.1633827485786,1041.9989654524677,-1.7473946040911197e+56
-3.2980353511108986e+44,1011.162310297831,986.184401803613,1041.9989654524677,-1.7473946040911197e+56
-4.3336813253046654e+44,1014.930266511047,996.1587815860946,1041.9989654524677,-1.7473946040911197e+56
-8.812882337126813e+44,1012.9713585473392,992.2317115684414,1041.9989654524677,-1.7473946040911197e+56
-1.4051536290252763e+45,996.7930406272246,949.8900746719457,1041.9989654524677,-1.7473946040911197e+56
-4.279614618614665e+44,1009.3230817062555,991.0903344301568,1041.9989654524677,-1.7473946040911197e+56
-8.755924470439896e+44,1008.0391176504054,992.6792960323525,1041.9989654524677,-1.7473946040911197e+56
-1.3641287582081665e+45,1008.8392356187143,999.1288868352148,1041.9989654524677,-1.7473946040911197e+56
-2.0012987918185064e+45,993.2834700545927,450.23475378436814,1041.9989654524677,-1.7473946040911197e+56
-3.807023619989154e+45,1008.072789604862,595.025397453728,1041.9989654524677,-1.7473946040911197e+56
-8.40259736827747e+44,1010.3236410958351,994.2509425249337,1041.9989654524677,-1.7473946040911197e+56
-3.579625992143475e+45,1012.534797305709,-3.463891288595777e+44,1041.9989654524677,-1.7473946040911197e+56
-6.241423319932218e+44,987.8991077027654,949.6081221208909,1041.9989654524677,-1.7473946040911197e+56
-1.016038623380544e+45,1009.8985289301776,968.1727973613864,1041.9989654524677,-1.7473946040911197e+56
-2.0120891737712196e+45,1011.6375908678589,625.4933078739101,1041.9989654524677,-1.7473946040911197e+56
-4.83550593697076e+44,1010.5364848191589,987.6077191347035,1041.9989654524677,-1.7473946040911197e+56
-5.275473618599917e+44,1004.9204085044446,951.2610411745875,1041.9989654524677,-1.7473946040911197e+56
-1.7119376563520942e+45,1007.4022139296395,967.2643492243549,1041.9989654524677,-1.7473946040911197e+56
-2.1152335102321726e+45,1015.6597376787205,989.8276857829703,1041.9989654524677,-1.7473946040911197e+56
-2.3696744682974826e+45,1015.6813418010885,358.1833626516146,1041.9989654524677,-1.7473946040911197e+56
-8.990745831772536e+44,980.6923007213668,937.7913414551402,1041.9989654524677,-1.7473946040911197e+56
-3.3748463401332084e+45,1008.0982366848176,993.2493348075986,1041.9989654524677,-1.7473946040911197e+56
-5.2100638717174925e+44,1013.8423181732294,999.8330273945124,1041.9989654524677,-1.7473946040911197e+56
-3.0985168187994506e+44,1016.7212266220549,993.7311627507654,1041.9989654524677,-1.7473946040911197e+56
-1.8650582054480896e+45,994.5436402847536,826.2911975650405,1041.9989654524677,-1.7473946040911197e+56
-1.7144365664954873e+45,1010.3398159498727,993.3577146364252,1041.9989654524677,-1.7473946040911197e+56
-9.986684268069305e+44,1010.505180276216,997.7309850960524,1041.9989654524677,-1.7473946040911197e+56
-2.8232399590085772e+45,1009.7367013919401,989.3557320561943,1041.9989654524677,-1.7473946040911197e+56
-1.097486684140946e+45,990.4334289785888,962.4711722627763,1041.9989654524677,-1.7473946040911197e+56
-3.922943453383611e+44,1013.6030096008653,899.7787167522464,1041.9989654524677,-1.7473946040911197e+56
-3.790567110885972e+44,1010.53809145503,987.321439347799,1041.9989654524677,-1.7473946040911197e+56
-2.174544159301364e+44,1016.6162418575074,994.7557568507765,1041.9989654524677,-1.7473946040911197e+56
-2.5124032399511704e+45,997.7465087584154,966.0666053697297,1041.9989654524677,-1.7473946040911197e+56
-1.2604757287888996e+45,1013.688837382661,974.9475919645653,1041.9989654524677,-1.7473946040911197e+56
-1.7952943270484948e+46,1011.6358767191181,1002.0034120186174,1041.9989654524677,-1.7473946040911197e+56
-1.5064237345841515e+45,1013.8609860945778,996.7280472893822,1041.9989654524677,-1.7473946040911197e+56
-3.8532723436999845e+45,991.1987449481877,965.0341127474438,1041.9989654524677,-1.7473946040911197e+56
-1.0239083646696133e+45,1010.3499358030044,997.4151134668369,1041.9989654524677,-1.7473946040911197e+56
-2.4674157632556528e+45,1011.8115165303049,993.0563639596386,1041.9989654524677,-1.7473946040911197e+56
-2.216460460201641e+45,1014.7515510338682,1000.9337054101743,1041.9989654524677,-1.7473946040911197e+56
-3.051887436288132e+45,994.5243062096954,979.7891034544492,1041.9989654524677,-1.7473946040911197e+56
-1.4129630016487472e+45,1012.3052259964119,1001.8265473766029,1041.9989654524677,-1.7473946040911197e+56
-2.2059016943252308e+45,1011.2069380903085,1003.7418150501774,1041.9989654524677,-1.7473946040911197e+56
-3.665080214277962e+45,1013.7481026847826,992.9302199770249,1041.9989654524677,-1.7473946040911197e+56
-3.8014866842714503e+45,991.9263930281982,481.37913754925955,1041.9989654524677,-1.7473946040911197e+56
-2.5989412382704005e+45,1014.1354935037524,977.5669030857998,1041.9989654524677,-1.7473946040911197e+56
-7.654092673286502e+44,1012.1625675457263,1005.3806338909784,1041.9989654524677,-1.7473946040911197e+56
841.4134937014887,1011.6901064189035,1003.9410702489064,1041.9989654524677,-1.7473946040911197e+56
-6.010356471968185e+45,993.62885214179,958.9271478446558,1041.9989654524677,-1.7473946040911197e+56
-5.992892204924018e+45,1011.4911925946329,987.6771626071321,1041.9989654524677,-1.7473946040911197e+56
-3.848979383994774e+45,1014.2620848850884,1002.3517323116992,1041.9989654524677,-1.7473946040911197e+56
-2.5199497458052312e+45,1014.7421171766779,999.9732459719762,1041.9989654524677,-1.7473946040911197e+56
-1.9620734148616458e+45,999.1698123698354,971.871449477524,1041.9989654524677,-1.7473946040911197e+56
-3.962452242280944e+45,1016.1174089307993,1000.3682251711203,1041.9989654524677,-1.7473946040911197e+56
-4.7127989483392516e+45,1011.283621701306,705.720050800494,1041.9989654524677,-1.7473946040911197e+56
-4.082625967407464e+45,1012.6309267827264,-2.7530635263752044e+44,1041.9989654524677,-1.7473946040911197e+56
-2.6654819947108182e+45,990.334917423078,965.5055729689291,1041.9989654524677,-1.7473946040911197e+56
-5.444151434605387e+45,1012.95104881284,465.2265423024471,1041.9989654524677,-1.7473946040911197e+56
-7.528112488079181e+45,1010.777442394857,460.65533425306523,1041.9989654524677,-1.7473946040911197e+56
-3.904483260849905e+45,1011.5460920548107,988.7456921301548,1041.9989654524677,-1.7473946040911197e+56
-2.098980094742065e+44,1011.3597344547942,976.1476808458457,1041.9989654524677,-1.7473946040911197e+56
-7.958140307088988e+45,1010.6467055151774,995.7480379947979,1041.9989654524677,-1.7473946040911197e+56
-5.105965060985793e+45,1011.7943736976474,996.4838540572722,1041.9989654524677,-1.7473946040911197e+56
-4.0542198759490826e+45,1013.7824549620854,966.0518937490654,1041.9989654524677,-1.7473946040911197e+56
-7.392392085505425e+44,996.6590872745196,964.1378691989297,1041.9989654524677,-1.7473946040911197e+56
-9.793270834772787e+45,1012.6293356407078,1002.9852630078069,1041.9989654524677,-1.7473946040911197e+56
-4.3842878446904e+45,1011.4932226921918,843.2583677538358,1041.9989654524677,-1.7473946040911197e+56
-2.2943870068227324e+45,1012.6342364656335,989.3393368321537,1041.9989654524677,-1.7473946040911197e+56
-1.0575148692291667e+46,998.2560654185733,973.7208745011152,1041.9989654524677,-1.7473946040911197e+56
-2.360306370319632e+45,1010.9499847282368,992.2305108624676,1041.9989654524677,-1.7473946040911197e+56
-6.9967006332315926e+44,1011.012547762166,997.6658730474373,1041.9989654524677,-1.7473946040911197e+56
-4.890133711333559e+45,1013.7734859119713,1002.9722378811276,1041.9989654524677,-1.7473946040911197e+56
-8.722106728206757e+45,996.0252457929092,977.640458478983,1041.9989654524677,-1.7473946040911197e+56
-3.0466806076759865e+45,1013.5535063772415,533.5464544310418,1041.9989654524677,-1.7473946040911197e+56
-1.7923939144428938e+46,1010.4013826510959,-1.2961906411842956e+45,1041.9989654524677,-1.7473946040911197e+56
-2.6598921130692545e+45,1013.127313976989,672.1685334531666,1041.9989654524677,-1.7473946040911197e+56
-7.640364754817591e+44,1002.5960166356308,923.3038283173923,1041.9989654524677,-1.7473946040911197e+56
-1.7246159442914968e+45,1009.4567370692984,993.8390697192718,1041.9989654524677,-1.7473946040911197e+56
-3.3937394439464534e+45,1010.8968762236987,973.223741413018,1041.9989654524677,-1.7473946040911197e+56
-4.9327328314896735e+45,1017.7313181610374,971.0663993214397,1041.9989654524677,-1.7473946040911197e+56
-6.408146875464448e+45,1001.2245151918459,969.6064737061621,1041.9989654524677,-1.7473946040911197e+56
-7.033856566300711e+45,1014.6813878545566,991.1866927726771,1041.9989654524677,-1.7473946040911197e+56
-1.066560250033639e+46,1014.7396902896076,969.6286434700011,1041.9989654524677,-1.7473946040911197e+56
-1.4183876520110498e+46,1016.5677987234702,991.3583669472491,1041.9989654524677,-1.7473946040911197e+56
-1.5638948708136793e+46,991.8489048655537,958.7192637206459,1041.9989654524677,-1.7473946040911197e+56
-1.2212640026233035e+47,1016.0723699632002,700.8589271728772,1041.9989654524677,-1.7473946040911197e+56
-2.8399380277683322e+45,1014.2617502382091,807.0340860570512,1041.9989654524677,-1.7473946040911197e+56
-1.2263442732622954e+46,1016.725829754378,999.853937988868,1041.9989654524677,-1.7473946040911197e+56
-8.058521679110936e+44,1006.3481643984877,978.8777809075069,1041.9989654524677,-1.7473946040911197e+56
-1.2084858550353545e+46,1014.3315318788214,954.0722411002023,1041.9989654524677,-1.7473946040911197e+56
-5.725854969736588e+45,1011.7171287650154,724.5364975319621,1041.9989654524677,-1.7473946040911197e+56
-5.207981445695969e+45,1014.4970906630998,1001.3690117904375,1041.9989654524677,-1.7473946040911197e+56
-7.108469299342467e+45,1006.4773857987535,962.685901076297,1041.9989654524677,-1.7473946040911197e+56
-6.753785049924962e+45,1010.925941300711,983.2603928402383,1041.9989654524677,-1.7473946040911197e+56
-2.653774001474066e+46,1017.7817304419501,992.975567091801,1041.9989654524677,-1.7473946040911197e+56
-1.0591342788078766e+46,1014.8802244925286,982.1478476445415,1041.9989654524677,-1.7473946040911197e+56
-4.4800646766119627e+46,1000.5194380142179,978.1111786090656,1041.9989654524677,-1.7473946040911197e+56
-3.9481807823660585e+45,1016.1109178787854,1004.9008076926148,1041.9989654524677,-1.7473946040911197e+56
-2.067624649849544e+46,1010.6454615744308,993.6169966895039,1041.9989654524677,-1.7473946040911197e+56
-3.424933746621483e+45,1016.3353979918988,1003.6786175241857,1041.9989654524677,-1.7473946040911197e+56
-2.5325613920933557e+46,1002.6610677565136,403.54777264381863,1041.9989654524677,-1.7473946040911197e+56
-1.0858914130094538e+46,1011.216732715149,995.3763311686635,1041.9989654524677,-1.7473946040911197e+56
-4.14755936038198e+45,1019.0346822144925,1005.6334240560253,1041.9989654524677,-1.7473946040911197e+56
-3.6272185154648726e+46,1015.8183310321501,773.7482271133323,1041.9989654524677,-1.7473946040911197e+56
-1.691723528024201e+46,999.9888410775428,519.9445911094265,1041.9989654524677,-1.7473946040911197e+56
-4.126066762116027e+44,1016.0517747044875,996.658203105408,1041.9989654524677,-1.7473946040911197e+56
-1.9673357615833148e+46,1014.4409348437474,990.3912103661098,1041.9989654524677,-1.7473946040911197e+56
-1.0491126886629745e+46,1016.091045208409,973.6768346104398,1041.9989654524677,-1.7473946040911197e+56
-1.4942288634014811e+46,1015.546245919948,982.824157301422,1041.9989654524677,-1.7473946040911197e+56
-1.8721589664753975e+47,1013.5531955061542,1000.3664426690988,1041.9989654524677,-1.7473946040911197e+56
-4.146939883656798e+46,1020.8356323325532,384.18115213047156,1041.9989654524677,-1.7473946040911197e+56
-5.562784302769376e+46,1016.2161191495381,992.9692242531701,1041.9989654524677,-1.7473946040911197e+56
-3.1029325386641297e+46,1000.0447389697376,473.8240271451701,1041.9989654524677,-1.7473946040911197e+56
-1.4613517597064121e+46,1012.489462528018,965.9446818687015,1041.9989654524677,-1.7473946040911197e+56
-4.1784568968367863e+46,1015.6087333033973,976.0577704192034,1041.9989654524677,-1.7473946040911197e+56
-3.0870447892606394e+46,1015.0535998202387,959.5636953612831,1041.9989654524677,-1.7473946040911197e+56
-1.8816670471570442e+46,998.1236674277093,640.1323444490627,1041.9989654524677,-1.7473946040911197e+56
-2.2618419790737377e+46,1014.7842104141273,999.6153026528058,1041.9989654524677,-1.7473946040911197e+56
-1.6973074042510263e+46,1017.0039301775353,992.217634257723,1041.9989654524677,-1.7473946040911197e+56
-3.3650260249444157e+46,1018.5950938954979,953.3745123339974,1041.9989654524677,-1.7473946040911197e+56
-8.897327200520301e+46,1004.0740643323752,-1.347955317940578e+46,1041.9989654524677,-1.7473946040911197e+56
-1.6153169245965836e+46,1014.5591482268837,996.3616689622634,1041.9989654524677,-1.7473946040911197e+56
-2.852316742425171e+46,1008.6442623818366,391.59691286332156,1041.9989654524677,-1.7473946040911197e+56
-2.5282656290141186e+46,1015.3181746626491,995.226284995895,1041.9989654524677,-1.7473946040911197e+56
-2.447978213927635e+46,1005.4110176145655,968.3763400387807,1041.9989654524677,-1.7473946040911197e+56
-1.4484843383631902e+46,1015.616342420271,988.2021374945865,1041.9989654524677,-1.7473946040911197e+56
-1.9275370197096797e+46,1013.4015920188888,988.9767587686578,1041.9989654524677,-1.7473946040911197e+56
-1.2052425744154985e+46,1014.01313886623,989.8105362386812,1041.9989654524677,-1.7473946040911197e+56
-2.3056920664976424e+45,1012.9595182728922,972.610290511762,1041.9989654524677,-1.7473946040911197e+56
-4.335932428432481e+46,1009.759584583379,982.1614186025243,1041.9989654524677,-1.7473946040911197e+56
-1.6443200274187365e+46,1007.5877816666809,993.9333040858786,1041.9989654524677,-1.7473946040911197e+56
-5.249257639759282e+42,1012.8398412858085,1002.2271447058353,1041.9989654524677,-1.7473946040911197e+56
-9.287301040401495e+45,1018.4569732502162,971.0330437585125,1041.9989654524677,-1.7473946040911197e+56
-2.8539753951467204e+45,1007.6474849821311,993.684232698495,1041.9989654524677,-1.7473946040911197e+56
-3.7058187937210313e+46,1010.6309968438187,991.9034292145477,1041.9989654524677,-1.7473946040911197e+56
-2.466826586850866e+46,1011.0571587916982,996.7968374453943,1041.9989654524677,-1.7473946040911197e+56
-6.068393996542207e+46,1003.4679770511854,468.2865118048526,1041.9989654524677,-1.7473946040911197e+56
-1.88263912811625e+46,1011.240653146454,994.1426111082825,1041.9989654524677,-1.7473946040911197e+56
-3.2303017641513e+46,1013.4464839466428,997.5963923285755,1041.9989654524677,-1.7473946040911197e+56
-5.940246143494779e+45,1012.7727141958724,999.5816064765728,1041.9989654524677,-1.7473946040911197e+56
-1.8544055684332473e+46,1009.4087105862711,598.1701923437554,1041.9989654524677,-1.7473946040911197e+56
-4.142380282002956e+46,1008.1586428307049,988.1615107160468,1041.9989654524677,-1.7473946040911197e+56
-5.826107012840451e+46,1014.315274365274,988.7779019736132,1041.9989654524677,-1.7473946040911197e+56
-5.302295867717641e+46,1015.7370124346404,996.9148179684257,1041.9989654524677,-1.7473946040911197e+56
-5.17413701885907e+46,1015.6240793837651,596.1981213464035,1041.9989654524677,-1.7473946040911197e+56
-8.816999777641178e+46,1014.8250459068934,998.1202567911624,1041.9989654524677,-1.7473946040911197e+56
-7.686035534731769e+46,1011.2175426051931,973.7477591728244,1041.9989654524677,-1.7473946040911197e+56
-9.992050052278826e+46,1013.7125799381625,963.1359772813494,1041.9989654524677,-1.7473946040911197e+56
-3.3751297356990636e+46,1002.0399345464677,627.1518888211805,1041.9989654524677,-1.7473946040911197e+56
-1.3804456122317318e+46,1012.4797295390658,989.4763701108307,1041.9989654524677,-1.7473946040911197e+56
-1.2105822468675197e+46,1013.1343967689804,992.340707984417,1041.9989654524677,-1.7473946040911197e+56
-1.0037600210006201e+45,1009.6231166105711,997.5780441270662,1041.9989654524677,-1.7473946040911197e+56
-2.621171749378864e+46,1002.0832756047646,596.1934688073374,1041.9989654524677,-1.7473946040911197e+56
-6.63792039015128e+45,1009.9204162634448,995.3617897775813,1041.9989654524677,-1.7473946040911197e+56
-1.398000759670224e+46,1010.4427629563558,989.7699274628156,1041.9989654524677,-1.7473946040911197e+56
-6.375517067361872e+45,1017.11077307591,1000.4714635387612,1041.9989654524677,-1.7473946040911197e+56
-5.879637510433129e+46,1016.5381332732311,966.9820118878935,1041.9989654524677,-1.7473946040911197e+56
-3.901575276140966e+45,1009.272626233642,999.5444948647054,1041.9989654524677,-1.7473946040911197e+56
-2.090977437557906e+46,1013.2894831342669,1003.1166931721656,1041.9989654524677,-1.7473946040911197e+56
-1.5488101691074913e+47,1018.2877924270347,994.8543845903639,1041.9989654524677,-1.7473946040911197e+56
-6.850667721858437e+46,1002.8402103729411,619.5854162224241,1041.9989654524677,-1.7473946040911197e+56
-9.113207504047681e+46,1009.6994418348879,990.487931511077,1041.9989654524677,-1.7473946040911197e+56
-3.723194867357604e+46,1014.9788220108178,997.1080458329101,1041.9989654524677,-1.7473946040911197e+56
-2.3142088436444797e+46,1013.4805482866732,996.0991600426714,1041.9989654524677,-1.7473946040911197e+56
-5.250776722414341e+46,1004.23176061726,967.3387848693116,1041.9989654524677,-1.7473946040911197e+56
-2.618151106483007e+46,1013.0023504360701,998.1715797926186,1041.9989654524677,-1.7473946040911197e+56
-2.010008544956036e+47,1016.4250162321727,1002.5573276166231,1041.9989654524677,-1.7473946040911197e+56
-3.995338729411632e+46,1012.8353294299259,965.3263459793901,1041.9989654524677,-1.7473946040911197e+56
-7.477711720063948e+46,1001.3514820188852,658.6678716286218,1041.9989654524677,-1.7473946040911197e+56
-1.2450790735126225e+47,1011.7571347763615,995.1806780649911,1041.9989654524677,-1.7473946040911197e+56
-1.0608289110760183e+47,1013.886368395539,995.5998174272576,1041.9989654524677,-1.7473946040911197e+56
-4.4808786443311693e+46,1014.7889182140585,995.8151834113967,1041.9989654524677,-1.7473946040911197e+56
-1.6025757655034784e+47,1003.9470449056563,983.82474548757,1041.9989654524677,-1.7473946040911197e+56
-7.021392572737891e+46,1013.6283121150061,991.0862688907747,1041.9989654524677,-1.7473946040911197e+56
-1.0832859202367187e+47,1011.8411465777023,1001.1046958275267,1041.9989654524677,-1.7473946040911197e+56
-2.2657143730556585e+47,1014.3917798640953,993.466033678066,1041.9989654524677,-1.7473946040911197e+56
-4.580256164565325e+46,1010.9028933870121,982.2432835455252,1041.9989654524677,-1.7473946040911197e+56
-1.2717891239946525e+48,1009.0279158815771,997.0254421129764,1041.9989654524677,-1.7473946040911197e+56
-3.66030711609687e+47,1008.601070493064,988.9594399146363,1041.9989654524677,-1.7473946040911197e+56
-2.0910258891034006e+47,1011.69476290926,995.7645629156648,1041.9989654524677,-1.7473946040911197e+56
-2.387217253524378e+47,995.8148882833457,493.0946520837598,1041.9989654524677,-1.7473946040911197e+56
-9.803294010020871e+46,1008.2001833480973,990.1909440393044,1041.9989654524677,-1.7473946040911197e+56
-4.735864727847615e+47,1013.2987784733332,990.7940909245249,1041.9989654524677,-1.7473946040911197e+56
-2.6948821236478875e+46,1013.8760414916438,987.567261611194,1041.9989654524677,-1.7473946040911197e+56
-1.198198934359265e+46,1002.3737065545057,930.4478060204086,1041.9989654524677,-1.7473946040911197e+56
-2.597526118054334e+47,1011.347176343915,995.3989180281734,1041.9989654524677,-1.7473946040911197e+56
-3.331577658667633e+47,1011.8313309907147,647.8881252527417,1041.9989654524677,-1.7473946040911197e+56
-9.334830306070702e+46,1017.1925404908151,1000.1659963502242,1041.9989654524677,-1.7473946040911197e+56
-1.7697215852818962e+47,1004.204723000237,979.2658863675716,1041.9989654524677,-1.7473946040911197e+56
-1.3441603565510448e+47,1012.3255035903154,998.1187086682359,1041.9989654524677,-1.7473946040911197e+56
-1.898843936841296e+47,1014.5814034840394,993.6554293195975,1041.9989654524677,-1.7473946040911197e+56
-1.7284516617678967e+47,1018.7794660073788,1003.8956645583078,1041.9989654524677,-1.7473946040911197e+56
-1.1421796005515322e+47,1002.9241314339333,472.16365220750293,1041.9989654524677,-1.7473946040911197e+56
-3.392370598531075e+47,1013.3617495340675,998.9132977121263,1041.9989654524677,-1.7473946040911197e+56
-9.923027154880856e+46,1013.971666062544,1003.6873725912958,1041.9989654524677,-1.7473946040911197e+56
-3.2408423897434297e+47,1017.3457050898311,974.3785320890086,1041.9989654524677,-1.7473946040911197e+56
-4.507972890103597e+47,1005.5068873604376,408.81272578875604,1041.9989654524677,-1.7473946040911197e+56
-4.5306977409829325e+47,1010.0210571441523,904.5710716632583,1041.9989654524677,-1.7473946040911197e+56
-1.5450127346395623e+47,1013.191242115674,981.2613371348607,1041.9989654524677,-1.7473946040911197e+56
-1.52283088089825e+47,1012.9497921916189,990.50634020741,1041.9989654524677,-1.7473946040911197e+56
-1.0023558866023232e+47,1014.6802406235747,846.6090857816365,1041.9989654524677,-1.7473946040911197e+56
-8.843251494530773e+46,1009.8622699936094,997.8395677116088,1041.9989654524677,-1.7473946040911197e+56
-2.097515109656651e+47,1011.9516004604354,1000.889299958208,1041.9989654524677,-1.7473946040911197e+56
-1.639102274496775e+47,1016.5735678531645,1001.0895761511665,1041.9989654524677,-1.7473946040911197e+56
-5.158798671313777e+46,1002.3142406923614,979.2347893074755,1041.9989654524677,-1.7473946040911197e+56
-1.843461025327264e+47,1016.2637243617131,1003.165478822423,1041.9989654524677,-1.7473946040911197e+56
-2.049387090304095e+46,1016.8784066179634,1001.0770103207526,1041.9989654524677,-1.7473946040911197e+56
-2.968238788059944e+47,1014.8931104737628,969.6460585648657,1041.9989654524677,-1.7473946040911197e+56
-1.0239046982843592e+47,998.4538491317068,530.0290939471006,1041.9989654524677,-1.7473946040911197e+56
-2.0272413143248806e+47,1012.2178889558297,995.194019806443,1041.9989654524677,-1.7473946040911197e+56
-9.52062435229724e+46,1013.9422667437061,986.766591770275,1041.9989654524677,-1.7473946040911197e+56
-4.671741769893631e+47,1020.0888098701885,1004.5380850850713,1041.9989654524677,-1.7473946040911197e+56
-2.938419338431982e+47,996.189440405519,977.6495558850514,1041.9989654524677,-1.7473946040911197e+56
-2.5672167251965136e+47,1010.9414355777286,986.6796406271592,1041.9989654524677,-1.7473946040911197e+56
-1.0463873749443656e+47,1011.5756128504837,998.1084810617003,1041.9989654524677,-1.7473946040911197e+56
-4.081668284126155e+48,1013.4114578683261,992.4361868687614,1041.9989654524677,-1.7473946040911197e+56
-5.865950423828071e+47,1015.3869233402389,860.8300794199488,1041.9989654524677,-1.7473946040911197e+56
-4.8696528316740685e+47,1006.7299757547511,782.5198779021964,1041.9989654524677,-1.7473946040911197e+56
-5.435654824459281e+47,1012.166276953114,1000.2405651098937,1041.9989654524677,-1.7473946040911197e+56
-9.614913224097924e+47,1015.6761764506206,1000.6182778602596,1041.9989654524677,-1.7473946040911197e+56
-5.922054868183118e+47,994.6997668250963,962.5037287374024,1041.9989654524677,-1.7473946040911197e+56
-8.385962981106865e+47,1011.7571899730544,992.4146610716538,1041.9989654524677,-1.7473946040911197e+56
-2.7343936803416796e+47,1016.4670829283159,999.5789311192252,1041.9989654524677,-1.7473946040911197e+56
-1.939683667487896e+47,1013.7438966823139,991.2199928517596,1041.9989654524677,-1.7473946040911197e+56
-4.767135559036012e+47,1005.6275201475711,888.393067368367,1041.9989654524677,-1.7473946040911197e+56
-7.241329507276386e+47,1010.8142957857879,1000.0977402516727,1041.9989654524677,-1.7473946040911197e+56
-4.411494931323713e+47,1010.2301783161518,375.88712849503116,1041.9989654524677,-1.7473946040911197e+56
-1.0112000773967469e+48,1017.0554617488757,963.5989805083918,1041.9989654524677,-1.7473946040911197e+56
-9.261751279395749e+47,993.2419887292037,650.5130751032784,1041.9989654524677,-1.7473946040911197e+56
-7.236908898186594e+48,1009.8597132571476,997.4287702302852,1041.9989654524677,-1.7473946040911197e+56
-1.4552130348728364e+48,1015.0075639962006,1000.2287507927877,1041.9989654524677,-1.7473946040911197e+56
-1.017001254068907e+48,1017.0139874139309,1002.4310774959773,1041.9989654524677,-1.7473946040911197e+56
-1.9516471279085563e+48,1005.2435382628082,487.1568150933674,1041.9989654524677,-1.7473946040911197e+56
-5.244085381219106e+47,1012.762377399207,991.5610561565285,1041.9989654524677,-1.7473946040911197e+56
-1.598451225558168e+48,1012.8982720182711,976.9196747272233,1041.9989654524677,-1.7473946040911197e+56
-2.7846416789826558e+47,1015.1974387301481,1001.9273641583218,1041.9989654524677,-1.7473946040911197e+56
-5.402426363852979e+47,1007.9744287786968,655.6591041895346,1041.9989654524677,-1.7473946040911197e+56
-4.560258112103609e+47,1009.5708244868613,956.0414759293535,1041.9989654524677,-1.7473946040911197e+56
-1.044185249200588e+48,1016.7114856288556,975.6899708456724,1041.9989654524677,-1.7473946040911197e+56
-5.191634884906678e+47,1018.0892781205016,1002.0163967253261,1041.9989654524677,-1.7473946040911197e+56
-1.8325482810315732e+48,1009.1278333700974,469.41042745731954,1041.9989654524677,-1.7473946040911197e+56
-8.133110998789594e+47,1011.7425660942959,707.5619142784814,1041.9989654524677,-1.7473946040911197e+56
-1.028569899533477e+48,1014.6435708750522,980.4840063561644,1041.9989654524677,-1.7473946040911197e+56
-7.539686351069778e+47,1014.2108752793052,998.5372301504433,1041.9989654524677,-1.7473946040911197e+56
-6.8220501739719635e+47,1012.3904831791665,501.38153445661766,1041.9989654524677,-1.7473946040911197e+56
-1.3549678404614815e+48,1015.4452779452109,571.37750783154,1041.9989654524677,-1.7473946040911197e+56
-9.016932976279444e+47,1009.2508333905021,977.2401090033982,1041.9989654524677,-1.7473946040911197e+56
-1.0165891324114198e+48,1010.4061916157436,964.1564885208111,1041.9989654524677,-1.7473946040911197e+56
-6.794414298652324e+47,1008.1412323268723,975.4844886217282,1041.9989654524677,-1.7473946040911197e+56
-1.209364814710533e+48,1008.3032500224416,957.6782442738165,1041.9989654524677,-1.7473946040911197e+56
-8.27368515774932e+47,1011.6955512104831,991.7021028313048,1041.9989654524677,-1.7473946040911197e+56
-1.0833244150408396e+48,1009.4659478656688,997.3085925265384,1041.9989654524677,-1.7473946040911197e+56
-2.350353639560858e+48,1004.1053839561779,980.0340420462203,1041.9989654524677,-1.7473946040911197e+56
-6.361674059372633e+47,1005.7871994733613,689.8581653002967,1041.9989654524677,-1.7473946040911197e+56
-6.450701630203015e+47,1017.3021695559935,997.5267578162074,1041.9989654524677,-1.7473946040911197e+56
-9.272740237618977e+47,1018.850625404965,994.9105668624514,1041.9989654524677,-1.7473946040911197e+56
-5.807714807007877e+47,1000.2673063342432,974.2413398712899,1041.9989654524677,-1.7473946040911197e+56
-6.7717279031651505e+47,1014.2779247082575,937.9577818110723,1041.9989654524677,-1.7473946040911197e+56
-1.9036779159873125e+48,1014.7886333150375,54.49372488492347,1041.9989654524677,-1.7473946040911197e+56
-2.37761157734352e+48,1014.7111542964889,992.1317874191776,1041.9989654524677,-1.7473946040911197e+56
-9.039692410609026e+47,1000.0437819655754,844.759525626705,1041.9989654524677,-1.7473946040911197e+56
-1.4870368051406173e+48,1006.0669135377213,953.3983597016143,1041.9989654524677,-1.7473946040911197e+56
-1.832616362760207e+47,1009.5251444680282,990.7454406085418,1041.9989654524677,-1.7473946040911197e+56
-6.813841575483345e+47,1010.7229748053476,990.6308833818892,1041.9989654524677,-1.7473946040911197e+56
-2.295389277641062e+48,1004.6883796926477,947.7086117572775,1041.9989654524677,-1.7473946040911197e+56
-1.681623923821013e+48,1012.0559195338215,995.7428854805949,1041.9989654524677,-1.7473946040911197e+56
-2.26955665767476e+47,1017.5449723678825,990.026783718424,1041.9989654524677,-1.7473946040911197e+56
-4.4385082402812445e+47,1010.6459957225604,994.2259196361707,1041.9989654524677,-1.7473946040911197e+56
-2.188802136748107e+48,996.4565177427086,738.02130066361,1041.9989654524677,-1.7473946040911197e+56
-2.8644617345139906e+48,1010.5945443437253,360.1100207754612,1041.9989654524677,-1.7473946040911197e+56
-5.798517003344374e+47,1012.934727447585,985.9407477595099,1041.9989654524677,-1.7473946040911197e+56
-3.4190814523382634e+48,1016.7157291865318,986.9856530405391,1041.9989654524677,-1.7473946040911197e+56
-2.6478090546430003e+48,987.9484554824799,715.8704974094208,1041.9989654524677,-1.7473946040911197e+56
-2.8983809677461708e+47,1009.8112652129448,992.5888951895287,1041.9989654524677,-1.7473946040911197e+56
-1.0162846385271098e+48,1009.6149551183744,994.314175626695,1041.9989654524677,-1.7473946040911197e+56
-1.8151103788507986e+48,1008.2948712598507,995.6989630344077,1041.9989654524677,-1.7473946040911197e+56
-9.358615772095448e+47,1004.7075941950781,967.0421701120233,1041.9989654524677,-1.7473946040911197e+56
-2.947820159110567e+48,1004.8427193425567,349.7213325114767,1041.9989654524677,-1.7473946040911197e+56
-1.481571178691031e+48,1005.4019831448685,982.3349957301094,1041.9989654524677,-1.7473946040911197e+56
-2.1459451607639285e+48,1009.2539427425319,986.6366742866909,1041.9989654524677,-1.7473946040911197e+56
-2.2381775453830243e+48,996.8590102038336,972.8527385344534,1041.9989654524677,-1.7473946040911197e+56
-5.212106986373668e+48,1002.0050400257304,789.268432988773,1041.9989654524677,-1.7473946040911197e+56
-7.308080869814983e+48,1005.7472468400847,382.3365293686844,1041.9989654524677,-1.7473946040911197e+56
-3.083095039777389e+48,1014.0122438644048,999.1382487292691,1041.9989654524677,-1.7473946040911197e+56
-7.947946802657972e+48,995.894842331321,810.1737719957,1041.9989654524677,-1.7473946040911197e+56
-3.1792887889692324e+48,1004.3417965381741,948.6485944426854,1041.9989654524677,-1.7473946040911197e+56
-2.267296662091671e+47,1002.095914984104,896.4317161358795,1041.9989654524677,-1.7473946040911197e+56
-3.549362731993684e+48,1009.4246493376991,994.0286378516465,1041.9989654524677,-1.7473946040911197e+56
-1.7860980637919273e+48,989.6021521071746,418.5138560300243,1041.9989654524677,-1.7473946040911197e+56
-3.087926342801106e+49,1006.2345819173729,881.3693707064444,1041.9989654524677,-1.7473946040911197e+56
-3.862877893402682e+47,1008.9010089413155,995.8506644238648,1041.9989654524677,-1.7473946040911197e+56
-5.6737954829533954e+47,1006.1647619751302,993.6661112753011,1041.9989654524677,-1.7473946040911197e+56
-4.5540803702472644e+46,998.1036108074255,553.2578735040418,1041.9989654524677,-1.7473946040911197e+56
-7.456149850302203e+47,1003.9013480516563,989.0371973130848,1041.9989654524677,-1.7473946040911197e+56
786.1944492139346,1007.033329047057,995.8613031501161,1041.9989654524677,-1.7473946040911197e+56
-5.02779019728018e+48,1011.4525262863343,999.5682888137595,1041.9989654524677,-1.7473946040911197e+56
-4.234240900435914e+48,998.7207872059622,566.7848078225868,1041.9989654524677,-1.7473946040911197e+56
-5.627652772822811e+46,1014.6300889292838,997.955903462982,1041.9989654524677,-1.7473946040911197e+56
-1.623218675148537e+48,1010.7891124113619,998.6805912468704,1041.9989654524677,-1.7473946040911197e+56
-6.422085255752932e+48,1014.781321864474,1005.6786936354155,1041.9989654524677,-1.7473946040911197e+56
-3.8083280950393444e+48,1002.6922746803141,456.89605978278087,1041.9989654524677,-1.7473946040911197e+56
-7.02492439957687e+48,1007.0619839399474,695.7970340677309,1041.9989654524677,-1.7473946040911197e+56
-2.2656519102229983e+48,1013.2656499616577,521.4399451072148,1041.9989654524677,-1.7473946040911197e+56
-7.26514765493844e+48,1012.4961711374893,1004.2917742997918,1041.9989654524677,-1.7473946040911197e+56
-3.775768061748663e+48,1012.8895728188759,755.7480362247636,1041.9989654524677,-1.7473946040911197e+56
-1.210603793562636e+48,1015.6333409899052,947.9942070158028,1041.9989654524677,-1.7473946040911197e+56
-3.529111432483516e+48,1011.8983505400139,469.59875356709426,1041.9989654524677,-1.7473946040911197e+56
-9.788499234230378e+48,1013.6558624078453,950.3365390333266,1041.9989654524677,-1.7473946040911197e+56
-2.1640251681527457e+48,1000.0040105570617,841.0115099439266,1041.9989654524677,-1.7473946040911197e+56
-2.30644599192811e+48,1011.7703687908921,490.1502955095607,1041.9989654524677,-1.7473946040911197e+56
-6.071550188192441e+48,1012.9026810693013,424.5605818034072,1041.9989654524677,-1.7473946040911197e+56
-9.68464158693047e+48,1010.9446468256931,914.7487466029064,1041.9989654524677,-1.7473946040911197e+56
-1.3931411378190299e+48,998.4289564824248,967.1110936750105,1041.9989654524677,-1.7473946040911197e+56
-2.2038083953490643e+48,1014.0655365118402,442.5271452100348,1041.9989654524677,-1.7473946040911197e+56
-5.527837466343771e+47,1010.9598783067896,989.593560770767,1041.9989654524677,-1.7473946040911197e+56
-1.0130187966264576e+50,1009.5012576298152,644.1049917056323,1041.9989654524677,-1.7473946040911197e+56
-2.0457670218808855e+48,1000.9234020163024,519.4975162672469,1041.9989654524677,-1.7473946040911197e+56
-4.900647981269146e+48,1003.6289131951494,992.9930920445596,1041.9989654524677,-1.7473946040911197e+56
-1.1159336560484439e+48,1004.2255374589148,996.9074099315249,1041.9989654524677,-1.7473946040911197e+56
-1.854658379754397e+48,1010.5999844787492,996.2586044631466,1041.9989654524677,-1.7473946040911197e+56
855.7877546924253,991.8659124456182,978.2708469758988,1041.9989654524677,-1.7473946040911197e+56
-1.0214655911311398e+49,1008.8991607493313,995.9778858082916,1041.9989654524677,-1.7473946040911197e+56
-1.1821733380163975e+49,1006.1596865595262,992.0963989461289,1041.9989654524677,-1.7473946040911197e+56
-6.828979549819951e+48,1015.5297228061231,1001.3051989338951,1041.9989654524677,-1.7473946040911197e+56
-2.292981077729434e+48,995.4731578624809,606.9159306135926,1041.9989654524677,-1.7473946040911197e+56
-1.0230482888681953e+49,1009.5356925172916,999.2650993411822,1041.9989654524677,-1.7473946040911197e+56
-1.5292991697974902e+48,1008.788809810426,963.431141637574,1041.9989654524677,-1.7473946040911197e+56
-1.4704377587699811e+49,1013.5480432060469,969.0432554111399,1041.9989654524677,-1.7473946040911197e+56
-2.298902562212559e+49,998.4339871229672,501.4188736869201,1041.9989654524677,-1.7473946040911197e+56
-2.307046566316468e+49,1003.2350072474035,70.52411214240595,1041.9989654524677,-1.7473946040911197e+56
-1.8944057367860537e+49,1013.7109804347738,574.4176156625406,1041.9989654524677,-1.7473946040911197e+56
-9.289325447908482e+48,1013.3433650340875,942.9632970994859,1041.9989654524677,-1.7473946040911197e+56
-2.931254390293274e+48,990.4533673771662,882.4088373457673,1041.9989654524677,-1.7473946040911197e+56
-1.6416378106211058e+49,1006.831747437146,984.9168157419801,1041.9989654524677,-1.7473946040911197e+56
-1.5158689764613326e+49,1010.6476658063568,993.1912170780945,1041.9989654524677,-1.7473946040911197e+56
-1.8733332162106465e+49,1013.8425928232363,675.4414849683208,1041.9989654524677,-1.7473946040911197e+56
-2.719003301649824e+49,994.5421380116732,418.9157490290441,1041.9989654524677,-1.7473946040911197e+56
-9.323157907863393e+48,1006.194792864224,386.3188230318721,1041.9989654524677,-1.7473946040911197e+56
-2.3068352454270178e+49,1010.4719248922662,776.6048189083464,1041.9989654524677,-1.7473946040911197e+56
-3.4271121260552706e+49,1013.9119361492758,991.726394136512,1041.9989654524677,-1.7473946040911197e+56
-1.6430244048989025e+49,1001.709303296459,728.6275923281776,1041.9989654524677,-1.7473946040911197e+56
-1.9503970240278625e+49,1006.5284915623726,432.10870603041036,1041.9989654524677,-1.7473946040911197e+56
-3.8427229029250437e+49,1011.0557052197157,982.4770960940443,1041.9989654524677,-1.7473946040911197e+56
-1.1244352103863399e+49,1014.8609079179339,1001.1962015198617,1041.9989654524677,-1.7473946040911197e+56
-2.4684700832719017e+49,998.1832661877258,381.40702841799157,1041.9989654524677,-1.7473946040911197e+56
-1.8001953967991233e+49,1010.2427687537562,979.6296884212009,1041.9989654524677,-1.7473946040911197e+56
-2.0167515239716811e+49,1007.391910574235,989.9232302011482,1041.9989654524677,-1.7473946040911197e+56
-1.4804979522862412e+49,1009.8782242936126,968.3981236346266,1041.9989654524677,-1.7473946040911197e+56
-4.6376097955412906e+49,994.297013672326,403.08225787184193,1041.9989654524677,-1.7473946040911197e+56
-2.1535744291136787e+49,1010.008543761234,932.5839210663447,1041.9989654524677,-1.7473946040911197e+56
-3.128790248248313e+49,1017.3161090842915,966.6524320550701,1041.9989654524677,-1.7473946040911197e+56
-6.620838801973614e+47,1010.4358266553911,998.3511002853245,1041.9989654524677,-1.7473946040911197e+56
-1.7291466228440947e+49,978.9950145938074,420.384147738748,1041.9989654524677,-1.7473946040911197e+56
-3.1609972755607883e+49,1009.732461224871,987.2318278023077,1041.9989654524677,-1.7473946040911197e+56
-1.6899324142400899e+49,1005.7238329715898,993.641564937864,1041.9989654524677,-1.7473946040911197e+56
-1.3763946595078407e+49,1015.8900181531885,999.3536102609805,1041.9989654524677,-1.7473946040911197e+56
700.5411170908613,994.9846420255459,709.9533934923223,1041.9989654524677,-1.7473946040911197e+56
-6.748007867132802e+49,1014.2507274979818,975.3474457133302,1041.9989654524677,-1.7473946040911197e+56
-2.0222645990542996e+49,1011.8472684006562,998.1607684099563,1041.9989654524677,-1.7473946040911197e+56
-6.552586004360922e+48,1018.3006283116428,990.5990528765767,1041.9989654524677,-1.7473946040911197e+56
-3.3863598479399695e+49,984.5112653405743,508.3411530500873,1041.9989654524677,-1.7473946040911197e+56
-1.4241061679767538e+49,1009.1789247089075,955.8680013703043,1041.9989654524677,-1.7473946040911197e+56
-2.0200867322892434e+49,1005.9684114630932,994.3609501731199,1041.9989654524677,-1.7473946040911197e+56
-3.582468617413496e+48,1012.5723459456945,1001.3985526100469,1041.9989654524677,-1.7473946040911197e+56
-8.602169075414935e+48,1005.8892644560023,516.4876649541347,1041.9989654524677,-1.7473946040911197e+56
-2.356403529341942e+49,1007.7270177495791,955.036580421044,1041.9989654524677,-1.7473946040911197e+56
-1.620472737804365e+49,1008.5149765285025,993.0966203311867,1041.9989654524677,-1.7473946040911197e+56
-4.3787136913943086e+49,1019.1288587326052,990.822035564027,1041.9989654524677,-1.7473946040911197e+56
-1.5701176831339962e+49,993.8840871246426,498.2029791286518,1041.9989654524677,-1.7473946040911197e+56
757.6267071999572,1010.8403147273597,997.2906718128202,1041.9989654524677,-1.7473946040911197e+56
-2.1235510263308243e+49,1017.7944666939536,1003.5389591764912,1041.9989654524677,-1.7473946040911197e+56
-5.722121792893376e+49,1020.4874679946179,909.6904327630493,1041.9989654524677,-1.7473946040911197e+56
-1.0817399295182468e+49,992.0811678979106,453.9818750985412,1041.9989654524677,-1.7473946040911197e+56
-4.0080245441398445e+49,1016.0635691936382,999.4110259010628,1041.9989654524677,-1.7473946040911197e+56
-4.1828417033351535e+49,1015.4817095929133,996.7390954374259,1041.9989654524677,-1.7473946040911197e+56
-4.975859040722967e+49,1017.5330235370008,901.5670874585114,1041.9989654524677,-1.7473946040911197e+56
-1.1171786683677684e+50,1008.4682324801548,924.8327972810074,1041.9989654524677,-1.7473946040911197e+56
-3.470260820977943e+49,1009.3943817417255,440.1558112377743,1041.9989654524677,-1.7473946040911197e+56
-2.2738629606494624e+49,1011.6399317771621,995.9771410064998,1041.9989654524677,-1.7473946040911197e+56
-2.86605900836032e+49,1014.9620674845451,998.412461453911,1041.9989654524677,-1.7473946040911197e+56
-3.346747747287429e+49,991.5370473617222,715.6687006793022,1041.9989654524677,-1.7473946040911197e+56
-5.342757106027279e+49,1010.119769825523,957.0258770336977,1041.9989654524677,-1.7473946040911197e+56
-9.994804421995911e+49,1011.3971723419444,306.91649593970243,1041.9989654524677,-1.7473946040911197e+56
-4.915896104720955e+49,1009.9194453940545,505.93014494948216,1041.9989654524677,-1.7473946040911197e+56
-3.2141295165997023e+49,1002.2077855866116,957.1175922560222,1041.9989654524677,-1.7473946040911197e+56
-1.7880503988833863e+48,1006.3529155074011,983.2721437213464,1041.9989654524677,-1.7473946040911197e+56
-1.454093976952506e+49,1006.4740713288772,982.733222661357,1041.9989654524677,-1.7473946040911197e+56
-5.092676634129368e+49,1021.8848414780433,990.6526947453688,1041.9989654524677,-1.7473946040911197e+56
-3.81510718479375e+49,986.7666222527328,942.409122463691,1041.9989654524677,-1.7473946040911197e+56
-1.114570046487106e+50,1004.5647264086313,983.3465896071214,1041.9989654524677,-1.7473946040911197e+56
-2.802893395522632e+49,1012.914317188329,990.9524467836923,1041.9989654524677,-1.7473946040911197e+56
-1.4263067362871688e+50,1007.5803854956367,990.8139066068408,1041.9989654524677,-1.7473946040911197e+56
-8.632620362521101e+49,1006.4178874467639,705.0204748487558,1041.9989654524677,-1.7473946040911197e+56
-2.1329839610034713e+50,1007.9678921096478,633.7706879338243,1041.9989654524677,-1.7473946040911197e+56
-7.089209627513853e+49,1011.3620922036135,997.7215534619878,1041.9989654524677,-1.7473946040911197e+56
-2.6489868538591253e+50,1018.1178293937396,-9.879805645054587e+49,1041.9989654524677,-1.7473946040911197e+56
-1.458520628203179e+50,996.6368490943687,508.45888711866854,1041.9989654524677,-1.7473946040911197e+56
-1.7832023712973105e+50,1007.378061578544,703.1819641613267,1041.9989654524677,-1.7473946040911197e+56
-2.604958269815111e+49,1006.7381628462683,985.5141499654151,1041.9989654524677,-1.7473946040911197e+56
-6.372106573240769e+49,1010.2566202934534,965.307519374091,1041.9989654524677,-1.7473946040911197e+56
-7.926614567451565e+49,1000.9998564419071,481.77201769675213,1041.9989654524677,-1.7473946040911197e+56
-3.8131971433985017e+49,1004.0077452667042,977.7867109267761,1041.9989654524677,-1.7473946040911197e+56
-1.2343280310163383e+50,1008.3053028117704,997.5302370643817,1041.9989654524677,-1.7473946040911197e+56
-1.192168392882232e+50,1012.7760273349253,996.36539248852,1041.9989654524677,-1.7473946040911197e+56
-9.135538656219136e+49,999.5181790217144,980.880140225649,1041.9989654524677,-1.7473946040911197e+56
-8.526590126716782e+49,1000.1774156476594,983.8960729130683,1041.9989654524677,-1.7473946040911197e+56
-1.7637208685246028e+48,1001.6206346866973,990.9676173547222,1041.9989654524677,-1.7473946040911197e+56
-1.1198135964469002e+49,1015.7906872999446,998.717070061149,1041.9989654524677,-1.7473946040911197e+56
-3.989824547958117e+49,1003.9134260103851,945.97175252332,1041.9989654524677,-1.7473946040911197e+56
-4.980703371986829e+49,1005.8810415906364,961.6217253803406,1041.9989654524677,-1.7473946040911197e+56
-3.124893429936054e+49,1013.8277472925221,978.3938176251795,1041.9989654524677,-1.7473946040911197e+56
-8.672857974502238e+49,1014.5160401242277,996.4839847559193,1041.9989654524677,-1.7473946040911197e+56
-9.39127644380406e+49,1003.363940237687,962.4343102507042,1041.9989654524677,-1.7473946040911197e+56
-1.2864257237599771e+50,1008.6994865969938,991.7375883507563,1041.9989654524677,-1.7473946040911197e+56
-1.3399197641983255e+50,1011.1915997617754,992.4187378773951,1041.9989654524677,-1.7473946040911197e+56
-2.509305926426063e+50,1012.9753091147517,979.431426260035,1041.9989654524677,-1.7473946040911197e+56
-1.717942623919306e+50,993.2237114876643,433.30722917396577,1041.9989654524677,-1.7473946040911197e+56
-1.5017855204601015e+48,1008.9413570475125,990.7406137109216,1041.9989654524677,-1.7473946040911197e+56
-5.526825840468569e+49,1011.3880355943651,964.919290004603,1041.9989654524677,-1.7473946040911197e+56
-1.819892458369269e+50,1013.8017186446189,994.9986757249109,1041.9989654524677,-1.7473946040911197e+56
-5.340152590759491e+49,999.5057927165913,538.1159521819889,1041.9989654524677,-1.7473946040911197e+56
-1.3458426275342274e+50,1008.2289825389055,963.0936916298912,1041.9989654524677,-1.7473946040911197e+56
-6.668680597904023e+49,1009.9644715669903,992.8629717962212,1041.9989654524677,-1.7473946040911197e+56
-2.075571051389468e+50,1010.6432640624968,992.3876396033985,1041.9989654524677,-1.7473946040911197e+56
-1.6533389608489123e+50,1005.4271041871318,363.5908930576036,1041.9989654524677,-1.7473946040911197e+56
-3.7756081160428325e+48,1010.9788587282276,1001.9553084386007,1041.9989654524677,-1.7473946040911197e+56
-2.9472065899564334e+50,1013.555903231508,974.0477108226443,1041.9989654524677,-1.7473946040911197e+56
-1.887330469114004e+50,1015.1392282270209,960.7580072844065,1041.9989654524677,-1.7473946040911197e+56
-1.8004731775210658e+51,997.2148204009042,389.9204877622874,1041.9989654524677,-1.7473946040911197e+56
-3.207468892073211e+50,1014.1092678320676,968.764589854991,1041.9989654524677,-1.7473946040911197e+56
-1.7919816764777768e+50,1013.5044990418058,956.945147697166,1041.9989654524677,-1.7473946040911197e+56
-5.7470723713837605e+50,1011.3483291454131,961.2213144904147,1041.9989654524677,-1.7473946040911197e+56
-2.875000415847392e+50,999.4073932563272,409.47053713229076,1041.9989654524677,-1.7473946040911197e+56
-4.146364359785574e+50,1008.7451721345054,946.9989607194158,1041.9989654524677,-1.7473946040911197e+56
-6.9543938905771645e+50,1015.8060011716893,964.135587217245,1041.9989654524677,-1.7473946040911197e+56
-5.543619619744151e+50,1015.3380330718782,722.589206811151,1041.9989654524677,-1.7473946040911197e+56
-2.550029704032967e+50,998.3838121303227,413.01463370187986,1041.9989654524677,-1.7473946040911197e+56
-1.6593847657197435e+50,994.918706730577,935.9550522436658,1041.9989654524677,-1.7473946040911197e+56
-1.7029903227464078e+50,1009.3540789090115,975.2611197263092,1041.9989654524677,-1.7473946040911197e+56
-6.54405635675639e+50,1011.5463440636471,961.2063564308085,1041.9989654524677,-1.7473946040911197e+56
-5.391514122743871e+49,1012.9700057687385,963.7813837975187,1041.9989654524677,-1.7473946040911197e+56
-2.4706148069747533e+50,1000.3373045967661,957.9665562518285,1041.9989654524677,-1.7473946040911197e+56
-4.419382267892268e+50,1003.8269028941502,990.0406399714784,1041.9989654524677,-1.7473946040911197e+56
-7.431503624438029e+50,1010.1246169120992,996.4263343065481,1041.9989654524677,-1.7473946040911197e+56
-1.816537595019366e+49,1008.4052673748859,978.0744179414638,1041.9989654524677,-1.7473946040911197e+56
-3.1956883327008483e+50,1005.6484426502174,996.5018478262868,1041.9989654524677,-1.7473946040911197e+56
-1.3269190681617546e+50,1007.3417417028841,990.6762698092386,1041.9989654524677,-1.7473946040911197e+56
-3.572874103572886e+50,1016.9011250438801,985.7140082648098,1041.9989654524677,-1.7473946040911197e+56
-2.1455789024641568e+50,1000.4218490580165,445.10714399017417,1041.9989654524677,-1.7473946040911197e+56
-3.637312866799934e+50,1008.7882243552658,995.4198060538786,1041.9989654524677,-1.7473946040911197e+56
-4.571077130974596e+50,1008.5845180540648,957.0944130882369,1041.9989654524677,-1.7473946040911197e+56
-5.310414015803891e+50,1009.5785910174267,952.5650900426617,1041.9989654524677,-1.7473946040911197e+56
-2.922814318915386e+50,1002.2851147593833,956.2761286962447,1041.9989654524677,-1.7473946040911197e+56
-3.1948140396338785e+50,1006.4794209949083,989.721998756255,1041.9989654524677,-1.7473946040911197e+56
-4.409988340849585e+49,1009.077142664742,982.1043470366262,1041.9989654524677,-1.7473946040911197e+56
-2.9263559779623014e+50,1008.8458158676273,986.2408670176585,1041.9989654524677,-1.7473946040911197e+56
-8.517774296806876e+50,1002.9372954262101,752.5025523679385,1041.9989654524677,-1.7473946040911197e+56
-2.2528609712143288e+50,1009.2386563487119,991.1605039767994,1041.9989654524677,-1.7473946040911197e+56
-4.475959269934081e+50,1004.2015316086794,991.032172769443,1041.9989654524677,-1.7473946040911197e+56
-3.674712176451677e+50,1010.096451223975,996.0588445193359,1041.9989654524677,-1.7473946040911197e+56
-1.7371812675521265e+50,998.5016824365791,972.6384496328003,1041.9989654524677,-1.7473946040911197e+56
-2.368300515823199e+50,1007.2293613149807,992.1978391833984,1041.9989654524677,-1.7473946040911197e+56
-5.609657705332903e+50,1002.1789058369873,993.1617866809103,1041.9989654524677,-1.7473946040911197e+56
-3.3989705424251855e+50,1010.9550040292949,989.70000750866,1041.9989654524677,-1.7473946040911197e+56
-4.82475305968054e+50,994.7172018519768,966.5566840055942,1041.9989654524677,-1.7473946040911197e+56
-6.050762595644932e+49,1008.6324618718662,991.1067636827961,1041.9989654524677,-1.7473946040911197e+56
-3.6999188082496577e+50,1012.1300260423608,984.8384991383653,1041.9989654524677,-1.7473946040911197e+56
-6.886750018777505e+50,1009.868017926119,997.9044274073935,1041.9989654524677,-1.7473946040911197e+56
-5.30092563962482e+50,1008.9091469037555,868.7155659164544,1041.9989654524677,-1.7473946040911197e+56
-9.838765022716227e+50,1006.7507076738365,913.0223071894691,1041.9989654524677,-1.7473946040911197e+56
-5.872619769193097e+50,1010.9406928118548,996.2289571449635,1041.9989654524677,-1.7473946040911197e+56
-1.18818838094109e+51,1016.1882848088601,991.8987893515583,1041.9989654524677,-1.7473946040911197e+56
-1.3077535170350052e+50,1007.6608381928489,979.4291105375518,1041.9989654524677,-1.7473946040911197e+56
-5.164393937056941e+50,1006.2047310311033,982.0636685806555,1041.9989654524677,-1.7473946040911197e+56
929.7243817744289,1003.9834776960041,991.2005546207188,1041.9989654524677,-1.7473946040911197e+56
789.0116878488261,1014.0707983452729,973.7749944697504,1041.9989654524677,-1.7473946040911197e+56
793.4048951528757,1004.6539166751301,968.0183161500702,1041.9989654524677,-1.7473946040911197e+56
864.7829636837047,997.8284049005789,984.6967236805283,1041.9989654524677,-1.7473946040911197e+56
-6.817710355944791e+50,1002.7176227221358,986.3604091774447,1041.9989654524677,-1.7473946040911197e+56
921.613169489048,1011.4718200381532,996.5050020212262,1041.9989654524677,-1.7473946040911197e+56
-3.2711317059773587e+50,996.8619309780261,967.1864324579739,1041.9989654524677,-1.7473946040911197e+56
-6.81570424675696e+50,1006.5550172677705,993.5484037632709,1041.9989654524677,-1.7473946040911197e+56
-3.5138943357647375e+50,1003.5168937650147,990.7972867271852,1041.9989654524677,-1.7473946040911197e+56
-7.387898156182308e+50,1002.6749003920186,986.6450815679102,1041.9989654524677,-1.7473946040911197e+56
849.9342957647289,1004.4464677461282,976.2368742188777,1041.9989654524677,-1.7473946040911197e+56
-2.935706376830348e+50,1014.389033138817,995.452313086768,1041.9989654524677,-1.7473946040911197e+56
-4.183286843759022e+50,1006.7710735193579,992.2322715810074,1041.9989654524677,-1.7473946040911197e+56
957.419324751826,1007.2065302614947,995.603002012721,1041.9989654524677,-1.7473946040911197e+56
-3.5790511872610144e+50,1000.6962537953417,973.4041288320279,1041.9989654524677,-1.7473946040911197e+56
-8.379213873113308e+50,1004.1633411560978,953.902906376203,1041.9989654524677,-1.7473946040911197e+56
905.655532469695,1003.5545600082726,990.402235400032,1041.9989654524677,-1.7473946040911197e+56
-4.488577985452493e+50,1012.648726466754,987.0832264876639,1041.9989654524677,-1.7473946040911197e+56
741.3984450762999,990.6277442464896,868.1283614740305,1041.9989654524677,-1.7473946040911197e+56
-3.693954919099613e+49,1004.6207766641267,955.3601723359886,1041.9989654524677,-1.7473946040911197e+56
-1.8183016147371404e+50,1007.3781662964043,996.9651652247856,1041.9989654524677,-1.7473946040911197e+56
-2.429190046290248e+51,1010.941511391934,993.8515403865837,1041.9989654524677,-1.7473946040911197e+56
-9.715875537245864e+50,992.6023672611966,960.0492937176209,1041.9989654524677,-1.7473946040911197e+56
-2.447436495441252e+51,1010.5592821782124,994.1661287384197,1041.9989654524677,-1.7473946040911197e+56
-4.265920090381192e+50,1007.356971297148,998.5714601390422,1041.9989654524677,-1.7473946040911197e+56
955.1435874216315,1015.3584421381971,996.9850343230555,1041.9989654524677,-1.7473946040911197e+56
-9.987791060702656e+50,999.678857532548,488.5202996150004,1041.9989654524677,-1.7473946040911197e+56
-5.668672457462879e+50,1004.3452294745298,935.1553664626257,1041.9989654524677,-1.7473946040911197e+56
-1.5727799347684866e+52,1013.6534719011405,991.4602555439678,1041.9989654524677,-1.7473946040911197e+56
-1.7413037730013218e+51,1011.7403013938507,994.6517092622863,1041.9989654524677,-1.7473946040911197e+56
-5.486228904841465e+50,992.4208611030595,952.2868417236707,1041.9989654524677,-1.7473946040911197e+56
-6.758408928336753e+50,1010.5750141191002,877.2252697464612,1041.9989654524677,-1.7473946040911197e+56
-2.5901854496529734e+52,1009.4629171373826,933.0024633034402,1041.9989654524677,-1.7473946040911197e+56
-5.079783790567975e+51,1009.2264352926422,994.2351857655636,1041.9989654524677,-1.7473946040911197e+56
-2.3555543857739333e+52,994.7620385587891,972.9723797448958,1041.9989654524677,-1.7473946040911197e+56
-2.2998686288975463e+51,1006.5504774471262,992.8410166353269,1041.9989654524677,-1.7473946040911197e+56
-6.627743082119725e+50,1005.5068794518392,989.5161105365548,1041.9989654524677,-1.7473946040911197e+56
-1.6424131867861824e+51,1012.5618087921811,989.4779610068468,1041.9989654524677,-1.7473946040911197e+56
-7.12761847070232e+50,990.6823607951479,593.2862328133363,1041.9989654524677,-1.7473946040911197e+56
-3.901502517071253e+50,1004.8744131455068,992.3936534993052,1041.9989654524677,-1.7473946040911197e+56
-8.7586202984244e+50,1010.9381862941866,993.5422272364543,1041.9989654524677,-1.7473946040911197e+56
-1.1114038761748985e+51,1011.6417581569982,992.8951676990358,1041.9989654524677,-1.7473946040911197e+56
-3.423655086649318e+52,987.3933839694521,445.019197048274,1041.9989654524677,-1.7473946040911197e+56
-1.1899446832237439e+52,1003.2660422465059,327.09515289701875,1041.9989654524677,-1.7473946040911197e+56
-1.0680854666750486e+52,1006.0040740545306,362.0627933814544,1041.9989654524677,-1.7473946040911197e+56
-8.099373662575372e+50,1009.6779994370263,988.3189601766506,1041.9989654524677,-1.7473946040911197e+56
-2.809568150554678e+51,997.7023414407539,655.1025705595928,1041.9989654524677,-1.7473946040911197e+56
917.8308652254433,1002.2502217323548,992.1250170933431,1041.9989654524677,-1.7473946040911197e+56
-1.452136423602755e+51,1011.6870987547089,995.6048891379868,1041.9989654524677,-1.7473946040911197e+56
-3.2626582016541807e+50,1011.3422642936293,999.8299899259532,1041.9989654524677,-1.7473946040911197e+56
-3.142697867003706e+51,999.8640328822004,971.1994692498122,1041.9989654524677,-1.7473946040911197e+56
938.5084012036323,1015.8974634074269,995.0232018205396,1041.9989654524677,-1.7473946040911197e+56
-1.0978460879870374e+52,1010.2943398541148,990.5897695105232,1041.9989654524677,-1.7473946040911197e+56
-2.5917656369345334e+51,1008.9925570452215,995.812166434885,1041.9989654524677,-1.7473946040911197e+56
-6.218007261275718e+51,996.6220494884777,514.4070880989423,1041.9989654524677,-1.7473946040911197e+56
-1.3753226080877694e+51,1006.64935956387,986.6525670094967,1041.9989654524677,-1.7473946040911197e+56
-9.629427996163953e+50,1007.4503393043208,989.8734947459795,1041.9989654524677,-1.7473946040911197e+56
-2.09636235464222e+50,1010.7347679788695,995.5279633049739,1041.9989654524677,-1.7473946040911197e+56
-3.7328074602784456e+51,1003.0617249795579,670.4478431235245,1041.9989654524677,-1.7473946040911197e+56
-3.8811140639734956e+51,1009.9048325562798,995.6678123025875,1041.9989654524677,-1.7473946040911197e+56
-6.609191846886075e+51,1010.1276425234322,992.431190408981,1041.9989654524677,-1.7473946040911197e+56
-7.925577230675429e+50,1011.4259165782806,997.5312856549517,1041.9989654524677,-1.7473946040911197e+56
-4.349497569150041e+51,998.1759586523481,479.44836260881766,1041.9989654524677,-1.7473946040911197e+56
-3.4494160537806584e+51,1009.6628545432278,950.2684304602307,1041.9989654524677,-1.7473946040911197e+56
808.7081213329936,1011.1072903972106,987.0568734506822,1041.9989654524677,-1.7473946040911197e+56
-8.832819291201527e+51,1013.4241799477915,987.5922450272128,1041.9989654524677,-1.7473946040911197e+56
-5.602566400763238e+52,990.3377547458728,488.2320384729336,1041.9989654524677,-1.7473946040911197e+56
-1.111381200363849e+52,1007.0978085803301,983.8609347261315,1041.9989654524677,-1.7473946040911197e+56
-6.318260605183616e+51,1017.0390929633985,990.2993549169717,1041.9989654524677,-1.7473946040911197e+56
-9.081128403883299e+51,1008.2346917640439,985.5878414186818,1041.9989654524677,-1.7473946040911197e+56
-5.041339204784193e+51,993.368766953879,951.59979423367,1041.9989654524677,-1.7473946040911197e+56
-2.4156520866353464e+51,1008.2334915843629,987.3779183258805,1041.9989654524677,-1.7473946040911197e+56
-4.760429183520988e+51,1006.4291408288201,957.3325802300028,1041.9989654524677,-1.7473946040911197e+56
-5.243962439848518e+51,1011.0832184335204,992.2750838373745,1041.9989654524677,-1.7473946040911197e+56
-1.6032787636233748e+52,999.5465633489754,967.2750250236655,1041.9989654524677,-1.7473946040911197e+56
994.1229767110134,1014.3007086657055,997.7903413645298,1041.9989654524677,-1.7473946040911197e+56
-5.164711958690281e+51,1008.6354622121247,991.0589238133538,1041.9989654524677,-1.7473946040911197e+56
-2.2166696626316742e+51,1013.9558557561727,990.8213687228897,1041.9989654524677,-1.7473946040911197e+56
-1.1088731822070966e+52,1005.5397270095867,860.8015946633385,1041.9989654524677,-1.7473946040911197e+56
-6.77510781834267e+51,1005.2180240391676,984.2080999906333,1041.9989654524677,-1.7473946040911197e+56
-7.060049556432036e+51,1008.1211933819781,939.544031950354,1041.9989654524677,-1.7473946040911197e+56
-1.093032350393228e+52,1011.8212086426407,953.4651339288775,1041.9989654524677,-1.7473946040911197e+56
-5.8972573500477417e+51,994.8349237921481,417.84991264164734,1041.9989654524677,-1.7473946040911197e+56
-4.798112328891023e+51,1009.9096854460487,951.3605392253336,1041.9989654524677,-1.7473946040911197e+56
-1.3685731289928778e+52,1005.0797192423138,985.4293121584748,1041.9989654524677,-1.7473946040911197e+56
-2.1354899560056697e+52,1013.9712807641911,992.5374710014398,1041.9989654524677,-1.7473946040911197e+56
-7.980623322642023e+51,988.349685780901,516.8776973633603,1041.9989654524677,-1.7473946040911197e+56
-7.053882883486252e+50,1010.2494747700958,995.7068433939072,1041.9989654524677,-1.7473946040911197e+56
-5.71177293607347e+51,1009.5703558027492,993.3931862080748,1041.9989654524677,-1.7473946040911197e+56
-4.1865728707582705e+51,1009.4331707209433,938.4794959202478,1041.9989654524677,-1.7473946040911197e+56
-1.242331369603443e+52,998.88572364657,709.6007757733772,1041.9989654524677,-1.7473946040911197e+56
-1.5269642692353646e+51,1010.0635790718061,993.345249713577,1041.9989654524677,-1.7473946040911197e+56
-1.0953101282917132e+52,1006.1563124287919,941.1385876165373,1041.9989654524677,-1.7473946040911197e+56
-3.1803049541230366e+52,1013.344900595899,980.5325901192138,1041.9989654524677,-1.7473946040911197e+56
-7.510416326523474e+51,990.8643638848602,623.1265160703558,1041.9989654524677,-1.7473946040911197e+56
-1.243574677109385e+52,1009.9791441943353,999.9198345304851,1041.9989654524677,-1.7473946040911197e+56
-3.983921320569571e+52,1006.4508218542177,-1.1717487773058686e+52,1041.9989654524677,-1.7473946040911197e+56
-1.0632972131275896e+52,1017.1531089546893,993.5109772806043,1041.9989654524677,-1.7473946040911197e+56
-6.694068491759262e+51,989.3384182468244,381.1224226703244,1041.9989654524677,-1.7473946040911197e+56
-1.4208428528598627e+53,1009.4041464646352,974.2568214746303,1041.9989654524677,-1.7473946040911197e+56
-1.4860930335908274e+53,1008.7328727289482,950.9579307682346,1041.9989654524677,-1.7473946040911197e+56
-2.9497977487153857e+52,1010.2265932681125,724.145760690642,1041.9989654524677,-1.7473946040911197e+56
-4.718327969383983e+52,993.1655201683994,330.68301305310155,1041.9989654524677,-1.7473946040911197e+56
-2.798578397130506e+52,1006.3413055643249,985.949647615033,1041.9989654524677,-1.7473946040911197e+56
-1.9155429285214683e+52,1010.0473545857211,327.34650369341193,1041.9989654524677,-1.7473946040911197e+56
-1.8383912632639975e+52,1009.1061971829263,997.951589807446,1041.9989654524677,-1.7473946040911197e+56
-4.421598998595808e+52,1000.6999386024778,431.09163413331515,1041.9989654524677,-1.7473946040911197e+56
-3.2792672122024377e+53,1010.7828845547675,331.4478674131736,1041.9989654524677,-1.7473946040911197e+56
-7.241514455132016e+51,1007.1207118105415,659.2158408673045,1041.9989654524677,-1.7473946040911197e+56
-9.239125024955268e+51,1015.6444743599842,983.095674811729,1041.9989654524677,-1.7473946040911197e+56
-1.085408980542637e+52,990.2867797283565,365.8149962939387,1041.9989654524677,-1.7473946040911197e+56
-1.593477111427766e+52,1007.5294677454377,329.15843384763093,1041.9989654524677,-1.7473946040911197e+56
-1.1845730047595664e+52,1009.5502256568558,988.5229713038041,1041.9989654524677,-1.7473946040911197e+56
-6.486922831596176e+52,1011.1027198260953,974.6394291482356,1041.9989654524677,-1.7473946040911197e+56
-1.1012372044456914e+52,997.3350128615383,492.6960974544295,1041.9989654524677,-1.7473946040911197e+56
-1.4776123382832894e+52,999.8977189218698,463.17896865235053,1041.9989654524677,-1.7473946040911197e+56
-1.1820956090866478e+52,1004.5126306526969,989.0697212380257,1041.9989654524677,-1.7473946040911197e+56
-7.387454773083213e+51,1010.0409140209931,985.3655997905462,1041.9989654524677,-1.7473946040911197e+56
-2.341045277062399e+52,995.9332077219855,391.49754850518605,1041.9989654524677,-1.7473946040911197e+56
-1.3994131970749413e+52,1002.1403312589584,783.7867351434397,1041.9989654524677,-1.7473946040911197e+56
-2.033835661924937e+52,1006.0458085041339,960.5675494295189,1041.9989654524677,-1.7473946040911197e+56
-1.9246216811953816e+52,1008.9531617338363,987.7322458093761,1041.9989654524677,-1.7473946040911197e+56
-4.0002459090763194e+52,996.7248686899289,435.1584605139829,1041.9989654524677,-1.7473946040911197e+56
-4.9990603555251064e+51,1002.27846840824,957.1759414442294,1041.9989654524677,-1.7473946040911197e+56
-1.957896664254459e+52,1006.5062114365994,491.5863541691016,1041.9989654524677,-1.7473946040911197e+56
-8.276166716481761e+52,1004.3547586753231,952.8131296829953,1041.9989654524677,-1.7473946040911197e+56
-5.801337389300865e+52,1001.125357112319,761.4736320003193,1041.9989654524677,-1.7473946040911197e+56
-1.9534674784676e+52,1006.2540052979639,995.0346794147202,1041.9989654524677,-1.7473946040911197e+56
-3.772728425359161e+52,1006.1500815568364,997.9680765146453,1041.9989654524677,-1.7473946040911197e+56
-2.770023204319757e+52,1007.1652413089347,996.6532533332635,1041.9989654524677,-1.7473946040911197e+56
-3.6667470933130445e+52,998.2857364589812,359.94446319470876,1041.9989654524677,-1.7473946040911197e+56
772.9696932321641,1007.0826926465948,948.6933641992507,1041.9989654524677,-1.7473946040911197e+56
-3.629560482673437e+51,1005.6535945062019,988.7476491954823,1041.9989654524677,-1.7473946040911197e+56
-8.433675598022156e+52,1012.010924036239,504.28152067921746,1041.9989654524677,-1.7473946040911197e+56
-1.4534779899130933e+52,991.3195549554002,385.6601839600443,1041.9989654524677,-1.7473946040911197e+56
806.4070913759683,1007.3818939955539,991.2143362826953,1041.9989654524677,-1.7473946040911197e+56
